1000 2881
498 633 699
32 786 438
595 762 78
928 342 81
745 144 605
758 830 261
352 463 762
92 39 320
884 195 37
822 347 340
688 659 156
272 839 588
132 746 340
307 243 209
449 125 176
373 515 489
791 759 655
268 442 451
122 532 694
405 530 864
543 514 666
63 880 413
67 579 165
340 111 917
651 155 5
606 63 56
142 612 29
611 543 907
956 532 611
88 504 53
422 826 42
891 581 116
857 487 871
591 344 981
909 70 541
665 636 557
791 487 808
469 768 478
391 100 44
942 114 932
272 334 837
781 229 670
943 759 729
779 931 849
93 545 841
121 697 887
797 310 61
458 27 80
384 64 852
704 892 177
864 182 36
45 591 107
285 110 378
406 685 880
493 232 63
285 648 739
719 253 413
573 895 407
448 176 323
530 828 970
959 659 572
547 542 519
933 329 716
31 967 409
571 18 933
224 208 961
802 187 751
895 241 387
221 590 133
234 26 705
302 188 75
238 115 543
764 367 731
580 757 743
384 290 82
623 700 849
672 550 609
229 220 928
543 596 1
404 358 583
659 362 215
341 50 726
163 636 181
688 40 856
587 558 610
334 303 495
1000 840 735
371 765 470
438 912 61
398 305 738
278 946 657
99 526 458
173 190 304
42 476 215
792 192 426
691 298 262
589 772 96
921 398 541
157 916 549
915 903 673
618 910 578
763 186 64
365 776 366
385 947 522
684 425 736
692 257 478
240 636 900
935 652 500
634 173 121
71 7 467
965 945 371
735 2 14
587 140 969
745 494 456
993 107 948
294 567 185
356 565 355
573 585 506
884 151 740
809 644 243
167 54 214
32 732 921
311 211 425
685 891 392
128 118 273
236 811 693
960 709 513
716 414 142
42 996 840
106 201 153
463 269 132
468 16 1
891 200 489
996 577 986
778 996 749
999 317 277
276 89 595
818 992 405
735 605 874
611 243 559
11 769 676
880 144 678
214 994 232
419 414 517
399 184 443
983 593 430
818 102 788
776 669 829
711 269 239
603 801 290
462 170 703
921 193 910
559 823 150
73 578 961
110 152 84
896 628 160
100 780 439
574 672 180
213 568 874
504 513 770
733 914 432
131 265 438
327 224 372
75 805 169
732 266 779
806 296 293
299 964 670
958 858 254
138 852 918
725 584 251
616 429 518
476 147 812
130 569 248
723 243 539
233 782 381
497 685 862
158 249 179
117 867 324
664 943 720
370 163 326
924 316 71
905 108 755
484 872 96
171 208 129
714 490 183
899 822 565
821 42 109
400 207 515
931 613 66
143 469 798
121 284 819
541 357 333
562 232 462
313 945 529
124 803 256
715 456 809
184 441 990
606 241 137
340 272 424
493 637 638
102 331 93
762 900 804
295 560 464
439 577 68
266 579 617
65 739 396
663 724 506
827 80 904
846 552 430
45 548 889
493 322 813
320 767 158
183 424 891
748 625 890
264 483 553
459 629 84
536 819 956
576 853 288
765 968 277
608 429 174
379 640 649
50 995 986
895 654 135
548 140 291
343 189 822
718 131 272
163 750 207
935 219 570
689 344 313
765 966 604
409 58 855
195 224 854
85 862 876
639 949 349
838 244 692
691 255 392
312 360 747
168 719 712
318 442 604
104 969 207
174 539 125
490 254 961
821 824 405
176 803 458
558 45 753
854 152 873
565 641 638
286 555 797
470 594 446
408 90 632
595 500 415
446 194 38
615 213 246
537 780 88
966 235 487
214 126 271
493 356 137
640 596 721
618 932 630
479 283 204
374 83 39
484 481 505
108 549 291
623 755 698
812 365 227
769 995 454
926 925 275
533 738 441
262 487 552
952 161 341
598 433 22
3 82 184
969 211 800
743 12 317
801 181 513
747 449 580
374 336 673
143 44 29
745 383 167
738 361 476
550 3 624
2 689 851
223 40 871
389 668 835
811 470 247
743 290 651
665 919 578
748 978 635
923 709 322
28 550 839
62 511 831
910 705 589
863 28 974
145 40 838
531 920 403
950 220 229
216 504 80
955 132 591
813 184 2
643 828 731
47 249 158
924 537 221
241 75 965
274 766 592
818 125 64
381 349 327
618 377 725
274 815 16
114 193 688
872 117 744
183 764 297
397 692 992
931 933 736
268 452 913
516 873 392
412 283 436
623 832 776
639 826 584
272 253 63
449 744 496
839 812 967
138 597 781
496 8 105
925 16 458
452 259 276
461 212 154
126 189 287
275 414 68
291 293 293
70 351 374
810 551 601
574 175 907
234 617 571
32 305 626
359 893 876
756 862 639
55 804 732
870 14 778
439 89 198
354 706 359
997 940 492
546 486 905
503 618 515
74 17 762
196 60 488
437 611 229
918 172 888
383 3 257
495 475 992
392 971 369
769 842 963
956 486 152
289 325 484
153 722 135
426 119 275
946 261 336
400 958 804
783 969 159
792 71 982
181 270 985
922 604 518
429 547 182
822 781 906
30 17 620
162 884 213
675 887 647
144 692 292
673 313 58
997 936 796
321 756 270
378 946 724
466 591 69
115 554 937
59 265 754
484 107 421
578 989 416
56 473 529
95 759 893
952 877 301
709 405 231
781 764 310
404 405 146
294 535 764
839 7 652
151 787 689
242 50 563
375 716 347
644 604 309
643 787 558
296 651 244
141 680 778
627 357 912
240 943 668
670 644 589
365 733 327
200 370 252
111 686 457
91 967 860
372 421 575
664 314 185
7 184 810
376 631 74
604 86 836
492 954 732
231 619 357
965 894 994
421 7 341
284 728 290
347 148 234
993 283 290
343 402 967
581 371 265
309 845 488
312 539 167
317 654 921
583 826 179
389 457 502
580 362 331
324 974 817
827 758 986
2 661 826
794 829 710
373 471 150
480 562 851
510 792 198
985 885 126
755 452 806
539 939 856
985 429 809
362 673 749
849 364 321
79 869 51
868 890 48
487 232 576
913 162 115
567 901 677
596 443 487
272 601 780
969 786 922
938 693 202
854 435 14
245 602 190
718 658 736
189 457 3
804 632 620
447 976 629
741 433 621
960 988 840
836 108 606
192 47 998
318 21 821
389 163 782
162 457 376
538 699 680
944 921 355
929 953 814
769 207 614
967 269 207
882 879 391
224 29 570
33 109 324
611 403 946
593 905 581
250 313 334
941 888 516
361 892 628
694 924 586
898 600 592
449 83 932
120 467 755
16 572 933
911 587 240
773 527 35
600 834 220
136 857 125
325 199 812
712 379 251
529 314 795
956 436 734
5 957 135
752 430 368
437 857 535
249 665 248
773 869 777
288 884 939
668 4 416
59 582 740
605 955 265
619 14 967
782 250 543
328 861 531
144 803 460
231 661 42
718 781 426
220 562 79
71 716 615
563 423 928
19 811 442
363 495 122
368 966 896
214 429 914
525 157 458
834 630 103
671 876 998
216 138 490
266 659 94
189 352 870
169 811 705
483 292 153
669 724 159
420 133 12
56 610 216
722 318 900
453 480 923
544 956 35
150 714 74
767 174 210
307 1 224
17 927 341
580 87 522
662 99 44
964 257 641
866 464 464
204 956 880
590 458 755
804 850 78
354 198 416
110 900 518
553 975 548
948 355 802
210 864 614
451 380 965
729 415 812
335 242 610
489 573 817
425 211 574
997 54 408
565 363 722
529 913 558
255 781 674
195 851 800
81 926 396
804 977 83
723 336 606
830 648 901
557 890 907
270 501 939
608 171 576
461 45 303
853 410 176
168 702 759
309 970 676
384 592 517
431 846 509
350 632 967
710 199 239
630 747 202
763 168 408
818 340 582
315 550 919
889 236 990
163 833 442
101 419 656
197 63 271
764 570 558
921 292 47
629 339 32
877 154 965
405 581 697
996 527 504
167 290 622
401 706 563
110 639 720
814 213 76
694 252 27
516 241 353
355 304 25
467 118 892
230 1000 119
55 111 572
459 876 992
959 305 648
579 393 366
320 47 408
415 414 949
886 1 337
385 686 877
87 392 138
211 298 150
217 358 559
491 117 754
157 47 490
494 248 3
807 392 427
270 727 208
525 620 288
671 499 512
128 12 620
284 649 623
444 851 487
366 446 572
850 369 539
380 767 254
183 702 529
748 942 394
155 600 857
818 397 686
364 559 806
974 650 236
634 790 182
419 691 272
774 688 965
193 755 102
384 497 437
612 889 823
584 302 925
575 357 106
108 401 688
688 640 438
276 203 254
737 541 107
91 65 658
892 509 111
620 726 386
150 382 6
479 650 368
394 612 493
882 347 631
173 560 164
841 445 523
956 184 19
330 308 593
965 948 901
733 747 150
428 583 664
534 531 494
491 952 616
990 237 890
700 299 765
122 763 53
550 560 771
565 997 160
759 663 712
336 974 152
901 507 617
174 843 312
90 447 217
590 910 611
130 192 192
161 108 866
199 916 787
451 217 763
143 577 496
32 804 426
54 757 227
521 919 314
335 391 721
297 937 204
637 900 897
181 264 756
305 659 88
106 911 924
236 769 750
76 745 451
445 278 438
844 439 569
900 267 465
720 813 45
991 657 639
993 899 128
329 492 171
632 270 215
850 677 670
22 37 590
786 334 10
631 345 687
40 589 662
352 304 950
283 207 586
737 879 695
515 244 826
22 228 56
410 145 79
570 786 784
758 365 156
210 582 479
45 347 936
677 829 289
694 934 271
241 41 387
777 248 900
59 825 416
505 381 457
299 729 765
670 238 514
278 318 781
447 44 941
14 783 623
315 712 616
545 770 97
829 598 911
700 438 938
612 693 486
785 683 402
26 610 343
646 336 875
241 328 236
675 714 57
399 390 748
854 853 929
725 353 517
704 883 948
981 414 701
919 864 429
321 311 943
328 811 952
480 141 800
731 66 166
347 505 172
756 673 876
599 802 561
512 438 747
173 482 88
171 885 281
11 33 446
322 286 216
486 328 692
10 597 40
55 852 837
557 798 523
897 243 661
372 454 344
88 306 673
421 212 97
119 421 972
509 429 101
591 875 804
636 344 499
289 885 568
758 824 606
753 298 682
496 261 862
694 58 607
134 664 745
298 678 633
928 122 803
635 183 522
919 666 549
605 266 718
116 201 718
652 396 181
562 26 540
487 793 661
479 768 400
745 612 31
903 628 823
183 493 259
647 582 387
938 962 409
574 694 357
491 530 254
566 420 455
663 846 690
425 980 696
356 307 810
703 101 62
844 646 209
295 245 920
769 565 838
251 147 971
284 793 450
468 762 728
920 337 346
646 3 672
77 112 424
615 954 283
154 595 662
369 69 364
252 892 368
662 295 538
981 620 553
221 635 225
327 906 822
906 945 877
78 209 437
748 361 385
660 459 102
101 202 266
809 697 894
548 455 855
702 540 593
731 437 904
829 667 473
397 244 139
432 705 933
766 939 741
659 673 751
879 173 178
219 223 822
444 65 580
401 923 219
422 534 802
681 751 204
906 739 424
900 123 132
930 301 803
898 354 639
681 230 598
311 630 15
780 695 622
581 108 600
505 308 181
28 330 658
232 272 733
170 8 487
663 441 259
801 477 203
978 91 977
758 472 317
65 36 823
377 529 160
517 704 382
784 757 179
226 57 192
918 588 712
517 453 899
808 700 161
755 769 903
129 743 182
764 142 116
716 53 682
283 886 448
646 716 64
297 285 658
465 655 638
349 946 145
722 70 19
924 142 936
150 759 498
460 115 299
740 539 807
406 595 306
30 46 372
4 889 817
976 161 450
579 387 367
901 961 672
663 197 10
408 176 436
990 824 288
727 104 283
915 269 69
455 25 122
84 932 73
873 916 498
556 293 617
245 115 27
197 30 300
106 149 985
82 123 164
890 467 221
693 33 189
651 471 134
94 376 907
549 487 470
694 826 593
254 855 113
293 740 478
779 691 246
156 68 177
67 512 989
122 40 918
496 184 813
133 283 779
204 883 768
3 13 967
402 102 72
965 342 801
193 748 126
569 616 666
566 313 262
401 319 630
437 429 182
969 648 417
594 624 77
968 956 965
78 654 225
320 476 370
254 94 36
321 414 927
413 605 897
808 876 837
341 528 322
587 221 685
522 164 651
767 27 835
873 202 669
537 306 209
843 636 284
910 60 822
351 706 70
369 704 61
269 41 139
958 403 553
667 319 582
618 733 200
834 765 894
424 576 876
102 454 810
504 674 137
170 585 65
784 830 659
195 633 266
412 148 968
507 248 341
917 407 627
802 956 578
466 184 989
794 998 588
816 15 139
270 321 303
902 460 44
652 270 1
650 470 348
554 405 915
479 495 593
765 261 630
404 283 165
805 668 552
644 184 257
567 272 555
420 767 395
537 17 137
553 894 323
6 452 54
918 621 964
289 14 85
932 938 85
730 834 238
192 175 596
223 580 455
649 492 720
566 198 88
665 632 7
396 256 880
830 367 645
14 764 711
205 153 829
439 339 381
963 357 573
851 286 429
827 63 766
934 860 71
898 469 320
246 102 812
919 916 486
140 29 556
803 959 366
429 755 596
10 498 728
541 792 804
148 593 980
158 355 373
975 865 560
493 396 888
235 580 19
621 47 562
113 578 76
212 606 498
354 824 663
3 956 309
428 617 280
120 579 193
48 940 425
261 696 959
531 185 895
754 805 193
953 558 112
32 224 302
157 760 124
43 300 923
299 683 887
397 95 518
95 863 398
111 405 323
8 590 137
921 91 582
416 229 275
720 204 392
111 862 211
358 977 885
565 797 567
7 321 382
219 58 654
758 508 385
614 366 508
971 455 987
421 4 463
828 721 343
183 150 696
411 406 473
545 417 151
871 563 449
115 38 951
834 783 959
461 321 240
165 914 401
255 535 755
754 110 559
367 320 833
153 343 47
126 131 931
950 444 904
439 122 546
223 549 731
428 291 701
247 122 519
390 486 784
80 125 562
162 519 407
960 546 583
280 436 598
989 667 975
278 428 132
708 914 24
218 400 94
483 966 870
888 757 915
847 503 175
667 241 546
792 376 827
806 257 921
935 32 276
375 639 841
798 468 752
312 819 896
689 44 540
506 617 296
854 671 831
246 981 238
454 794 833
303 409 984
277 275 460
211 904 318
792 356 199
782 157 242
371 491 480
203 282 258
16 719 777
923 19 275
989 819 771
881 609 809
801 533 4
264 122 953
801 115 137
208 920 865
355 869 901
974 410 399
778 41 606
579 543 679
717 602 424
138 354 412
830 168 548
876 327 893
468 17 153
57 169 319
61 796 575
827 62 914
424 673 843
398 754 391
348 700 178
139 708 8
311 864 14
685 736 679
227 855 891
406 979 205
553 636 589
56 45 477
916 590 383
912 240 938
122 25 101
994 948 313
727 128 352
801 960 246
436 392 417
453 845 607
276 5 692
518 680 555
419 363 934
729 24 919
273 611 997
548 398 752
539 48 303
686 771 348
548 22 764
292 110 628
744 753 150
979 576 362
550 331 505
228 169 354
461 296 455
239 241 891
352 628 388
965 255 156
241 16 325
283 619 994
205 290 904
740 332 578
70 563 996
635 583 124
735 319 545
610 337 289
434 966 705
106 403 649
297 278 694
208 30 844
316 63 306
597 79 123
479 868 262
318 793 485
489 474 629
898 519 636
123 328 907
312 81 474
132 800 451
247 730 314
65 645 631
897 100 639
228 774 551
230 159 457
469 62 764
144 103 931
368 95 173
232 615 593
78 125 288
696 597 97
759 860 298
932 173 782
204 821 762
5 255 933
88 427 867
177 773 403
997 564 305
499 867 142
56 815 250
149 450 830
545 623 725
788 599 827
533 286 797
588 930 737
100 345 814
954 428 25
388 741 919
850 809 378
751 888 287
50 395 92
733 804 225
446 320 149
320 497 451
166 588 167
907 70 624
900 607 15
697 472 329
506 28 819
207 483 586
749 496 872
616 96 123
704 150 712
772 975 54
137 142 676
872 249 314
864 625 792
956 155 795
784 813 999
14 229 876
762 380 696
569 764 862
720 393 539
627 830 839
464 97 95
110 831 45
973 797 303
716 535 898
429 142 463
686 436 718
229 913 823
689 147 942
450 853 378
36 787 995
745 562 176
792 587 403
702 596 789
952 332 716
824 376 905
285 973 404
753 317 575
38 799 437
76 605 776
251 24 866
642 767 377
850 796 452
837 850 592
618 651 770
616 712 326
497 257 241
401 673 262
142 883 52
402 7 753
805 587 187
354 30 650
459 410 414
278 697 801
902 120 227
911 946 753
625 293 8
823 568 60
707 614 201
794 239 286
8 600 476
880 368 976
567 812 572
575 798 825
542 388 116
244 628 44
121 809 503
883 969 270
745 645 84
706 317 289
473 821 595
49 865 903
756 612 860
960 482 754
891 563 349
292 787 102
603 975 704
436 207 178
493 418 737
525 588 304
6 545 541
734 924 709
662 34 106
882 447 580
88 47 661
472 96 259
53 912 751
67 468 878
454 382 168
48 246 463
638 881 603
227 665 448
909 378 286
579 169 966
154 289 622
20 442 834
326 398 151
596 770 352
792 669 570
607 551 802
914 110 603
720 377 178
262 572 557
221 104 733
867 912 613
433 892 991
521 590 221
763 357 397
541 413 936
276 451 673
706 935 197
482 687 512
681 985 163
494 749 783
900 671 606
719 526 442
947 661 742
163 806 922
560 120 613
41 243 983
153 156 915
83 356 576
602 358 132
76 231 40
568 780 521
51 271 391
80 940 626
640 172 844
360 418 58
175 569 546
988 158 900
374 105 797
961 309 441
518 152 543
966 394 522
436 464 751
475 487 324
420 244 277
998 568 610
454 415 628
401 558 33
563 421 427
959 615 238
636 66 704
833 753 866
123 150 471
687 14 231
194 544 763
37 725 527
740 796 648
411 34 727
175 665 624
817 553 616
267 945 247
304 342 481
273 266 879
89 168 206
771 303 87
565 652 946
163 644 87
222 400 828
212 120 617
47 33 616
663 73 129
362 355 205
303 378 292
200 725 315
767 37 57
890 627 431
533 880 420
791 57 484
25 636 51
833 307 170
879 503 219
46 138 562
654 70 79
778 905 991
900 852 855
353 947 584
957 305 678
571 412 486
157 722 953
517 426 283
687 737 132
498 27 789
917 462 62
693 508 648
837 78 120
881 19 635
241 320 329
728 800 789
482 403 570
645 153 381
385 625 512
621 406 299
814 197 508
4 568 240
171 646 424
855 14 975
891 396 741
662 521 176
289 966 741
366 498 362
955 145 651
967 303 27
690 674 442
202 189 178
241 502 108
190 298 124
595 947 363
451 242 60
446 151 936
818 687 275
447 514 766
457 744 872
80 832 791
327 839 46
325 617 33
326 947 898
789 45 840
853 704 382
730 127 21
822 60 183
522 128 210
212 920 229
30 167 46
971 219 592
148 257 127
899 582 504
136 559 955
429 611 903
498 637 643
248 856 623
832 664 320
930 412 537
330 262 666
731 3 874
549 536 852
653 60 874
252 891 914
824 113 939
856 891 841
68 635 911
326 823 127
640 519 392
217 282 748
811 373 681
407 556 848
484 890 83
9 69 608
176 643 25
237 221 123
486 659 83
788 996 178
510 31 631
424 243 683
130 695 591
369 604 501
391 272 77
466 599 240
932 844 760
609 271 485
510 668 109
896 802 843
718 629 145
939 144 6
342 627 143
977 311 133
976 714 706
850 329 869
136 690 387
511 81 730
888 960 687
143 486 910
834 468 538
959 1 898
582 926 21
417 952 383
378 732 779
838 171 57
18 107 661
267 275 550
390 274 449
625 494 468
624 630 358
480 126 375
212 955 687
55 620 794
730 749 757
213 307 997
672 543 140
115 316 846
234 344 253
842 718 437
170 233 140
65 326 633
992 884 33
189 658 557
878 206 259
429 101 34
752 351 948
383 298 23
569 550 499
810 302 534
646 416 566
81 764 251
604 560 34
903 513 428
836 402 891
98 740 828
336 451 86
633 705 258
839 958 851
474 602 621
332 606 329
27 17 268
888 657 382
82 914 920
387 801 201
9 955 407
682 361 28
837 224 367
164 71 610
241 845 14
724 46 309
308 115 345
248 93 40
160 938 426
466 731 902
301 450 357
394 955 530
286 811 621
573 564 235
481 342 392
764 617 795
295 281 327
558 692 405
593 441 655
217 986 23
704 947 444
702 208 401
523 25 907
316 96 512
548 983 891
540 984 372
662 310 325
511 426 287
155 310 356
317 126 984
224 708 166
627 249 755
829 481 88
624 716 659
524 989 380
724 386 975
854 225 926
921 520 769
435 319 109
874 712 894
535 295 886
94 351 986
319 704 240
503 3 927
805 689 204
366 766 382
970 677 814
218 924 595
913 736 155
583 498 374
115 784 863
264 820 321
716 424 601
36 483 134
469 327 787
322 509 168
85 12 763
568 464 198
844 86 6
971 377 284
499 59 836
72 612 440
991 648 280
741 346 651
237 231 258
529 282 268
92 124 652
899 367 492
103 659 101
569 152 428
133 335 294
283 259 871
48 461 882
870 163 485
476 203 932
635 824 329
700 39 602
185 57 652
836 494 3
414 849 441
939 921 621
332 937 113
431 758 1
741 136 862
364 929 830
4 645 681
280 253 268
908 781 714
822 354 366
746 522 923
368 50 615
238 357 58
464 492 32
527 519 960
461 413 711
160 384 947
234 284 130
413 306 670
631 997 407
565 980 167
833 887 119
64 150 898
223 111 545
287 701 510
160 352 541
606 198 504
592 987 398
355 917 405
57 917 920
674 168 481
351 775 216
285 884 134
856 129 106
269 584 913
946 480 562
373 487 11
301 603 200
925 508 652
602 319 987
852 618 560
438 968 663
657 758 958
293 917 577
411 431 362
755 643 68
645 449 358
174 481 8
614 331 991
556 221 102
621 245 578
227 671 170
674 779 744
1 299 151
792 359 491
887 858 146
363 91 676
97 111 849
770 687 73
944 953 590
77 743 843
690 238 709
534 918 899
101 988 794
619 644 872
984 225 341
123 789 768
52 489 705
538 343 83
291 787 988
486 896 397
148 2 572
39 899 621
476 322 325
288 93 176
29 742 653
927 92 692
614 785 832
700 146 636
322 922 270
522 583 545
163 13 83
553 427 865
265 235 787
415 165 143
951 77 497
588 101 160
911 257 396
223 542 983
229 282 568
472 512 705
903 537 502
770 483 534
427 938 764
893 238 287
176 687 539
400 880 60
639 901 179
875 474 867
991 144 907
835 307 70
984 923 523
75 19 190
525 453 375
394 531 513
22 993 217
762 758 201
178 100 164
807 787 783
862 636 957
424 765 690
114 462 510
447 430 683
191 262 537
20 696 840
979 421 508
749 769 627
457 263 505
244 109 359
883 861 619
87 462 137
207 183 687
614 327 777
541 573 174
108 969 134
151 539 732
652 318 214
73 271 967
105 329 144
869 453 795
840 662 829
139 105 704
451 454 898
704 558 785
664 860 697
812 338 10
573 887 13
965 423 833
199 912 932
630 792 551
584 882 147
561 341 50
628 929 161
161 121 578
958 28 853
222 750 20
370 715 841
520 579 656
171 627 336
483 722 114
511 825 840
952 382 437
736 124 762
531 103 37
936 84 176
38 885 296
416 920 680
332 696 438
852 963 357
361 987 413
970 397 556
742 299 29
157 660 506
358 252 992
189 349 137
274 707 915
299 501 246
938 459 923
430 283 390
152 351 417
397 690 289
377 11 971
946 3 331
390 498 41
164 481 584
340 203 317
146 708 790
283 74 420
270 910 246
88 878 692
981 640 982
920 694 306
945 459 931
518 117 418
11 659 266
298 651 294
883 848 413
296 5 593
34 911 930
895 829 816
699 474 124
808 333 473
832 814 118
170 274 834
309 987 931
1 748 672
768 121 34
610 825 437
308 960 235
59 488 630
666 529 187
119 466 506
759 118 481
646 668 805
381 616 425
869 400 384
211 484 516
162 738 255
520 96 112
443 182 203
14 520 408
210 285 56
248 314 422
654 660 910
835 747 299
194 330 387
602 533 568
970 838 896
251 425 866
229 786 381
976 600 207
421 837 336
253 594 813
701 92 7
123 402 13
927 163 697
767 593 137
45 78 255
885 814 846
54 155 909
719 808 213
417 972 150
528 237 339
899 991 504
180 317 592
507 402 613
292 113 586
201 421 73
45 268 243
790 372 571
157 521 892
761 870 916
671 648 745
270 309 9
20 878 991
960 90 420
270 166 557
358 415 239
322 794 579
646 636 482
668 372 688
287 993 272
445 323 369
167 664 434
178 447 1000
842 525 95
75 872 256
273 476 665
844 109 419
482 762 921
422 517 934
69 686 887
757 504 174
262 576 283
420 137 44
346 15 911
756 513 625
558 482 499
230 356 30
988 935 738
573 770 26
165 367 538
627 322 821
922 259 653
801 246 166
212 593 117
358 389 554
337 598 839
842 441 809
108 513 770
554 939 304
168 21 757
630 424 9
610 101 142
739 121 341
768 28 804
133 987 485
851 76 937
313 68 543
933 1000 948
152 993 385
151 454 537
626 385 760
754 139 452
661 481 334
598 325 972
433 7 706
610 159 544
599 47 870
592 968 337
592 548 366
987 350 205
940 135 62
490 884 474
393 579 33
921 67 186
607 814 486
741 854 280
705 242 734
709 193 296
96 888 241
202 66 994
925 264 942
111 224 639
706 150 40
746 824 469
708 694 327
357 944 891
740 948 701
210 217 106
400 863 284
307 193 855
679 867 523
650 544 194
940 568 493
623 741 570
699 11 605
609 358 927
582 225 240
169 447 676
584 61 529
76 631 769
900 883 184
17 140 85
931 788 699
535 122 64
652 346 200
158 352 582
888 251 20
676 973 480
762 668 86
949 745 752
471 776 656
846 664 702
687 539 383
127 369 50
365 669 734
495 95 687
730 963 617
332 149 460
927 895 219
849 634 745
399 767 956
630 874 117
935 579 101
707 413 260
571 827 300
297 153 336
877 642 898
346 609 490
5 836 772
859 572 624
762 782 88
791 246 233
587 152 566
12 291 138
683 404 288
197 966 627
472 98 10
630 415 709
17 796 313
607 159 524
881 818 795
445 615 365
420 581 848
528 177 611
545 213 264
424 205 272
74 954 104
709 644 378
589 774 337
145 556 760
278 470 359
977 933 878
687 737 2
709 926 400
501 458 387
744 689 669
569 847 422
963 798 286
177 802 898
657 811 163
914 891 437
515 953 632
809 803 866
781 97 230
858 184 980
630 428 527
229 990 144
186 318 956
87 806 648
542 616 190
505 635 873
209 760 686
63 677 300
938 857 102
680 329 803
531 290 48
828 415 741
836 969 786
132 872 542
743 290 301
361 424 539
377 916 825
336 761 605
140 910 101
184 5 271
770 236 895
843 869 639
833 369 885
290 51 430
552 89 89
515 591 437
519 940 788
949 90 839
511 841 492
611 437 703
372 719 345
611 464 198
166 622 110
269 341 221
786 380 323
927 694 248
257 315 104
619 21 501
935 862 375
485 46 775
699 290 71
798 303 114
16 380 774
568 245 104
732 3 445
787 286 84
756 935 557
68 369 473
250 701 304
990 455 644
206 923 607
703 292 677
383 702 41
603 984 522
596 125 949
1000 3 118
198 776 952
212 462 190
555 841 622
247 897 595
734 405 873
107 984 660
588 407 168
501 92 227
869 315 219
381 483 830
180 723 469
196 641 869
488 363 236
985 54 262
82 160 831
693 333 713
737 305 38
58 958 569
477 896 791
21 968 836
904 215 816
412 422 721
92 969 486
947 808 696
704 611 493
243 297 235
790 113 953
359 318 125
398 877 88
633 897 851
29 208 496
458 617 114
304 375 338
203 781 384
404 374 507
212 57 996
933 489 612
22 141 284
913 281 528
465 234 559
55 477 555
497 653 144
663 195 456
814 167 439
303 453 551
476 857 36
482 36 846
399 513 662
356 991 880
473 308 237
485 746 618
829 902 389
370 908 245
887 714 84
507 58 403
302 281 953
441 742 108
772 796 753
238 181 915
151 385 760
944 867 443
337 860 470
352 258 637
39 175 538
810 695 39
66 453 383
815 34 540
645 242 466
618 95 613
744 468 7
729 653 301
391 6 283
520 304 267
523 129 924
747 560 310
559 985 663
388 457 402
940 646 550
833 750 489
33 692 226
204 794 740
540 784 436
166 466 357
396 685 119
80 375 667
73 603 804
315 669 713
475 858 621
69 852 244
484 243 582
698 569 681
92 608 613
358 547 331
80 407 580
899 514 234
315 986 925
179 987 429
38 622 654
733 572 523
322 535 63
205 30 693
128 156 969
834 914 714
794 848 803
935 981 117
281 967 820
293 434 266
720 542 317
219 790 867
437 509 457
683 993 717
190 469 153
225 1 173
175 660 484
989 645 158
945 144 310
477 52 432
603 882 571
925 211 152
541 251 49
164 3 482
983 532 179
189 225 239
61 581 240
800 497 1000
944 216 792
264 708 677
113 488 519
32 1 484
387 744 507
786 384 532
959 795 451
190 246 653
177 981 894
756 498 360
315 400 646
170 697 91
675 537 669
251 450 226
756 622 740
742 661 764
128 530 697
734 431 522
643 969 228
768 789 730
377 445 901
30 943 616
637 432 213
513 852 924
347 357 370
538 254 43
993 995 369
851 805 600
680 479 985
92 362 505
217 25 224
381 433 686
814 897 36
297 331 551
810 675 214
542 120 764
576 474 171
588 179 454
325 493 323
531 650 334
214 952 134
772 892 411
847 87 162
646 986 688
819 217 181
525 103 528
501 969 505
717 601 329
338 902 934
859 333 921
853 364 546
643 806 96
565 797 829
364 62 499
891 629 766
913 506 285
20 152 586
694 510 677
394 552 943
259 738 114
296 981 307
279 976 118
982 657 514
115 349 715
887 969 765
52 674 587
857 584 911
8 843 912
233 112 365
517 749 36
601 778 252
721 850 847
741 343 769
968 770 804
731 481 804
715 376 282
463 274 327
425 702 539
204 781 619
69 673 976
925 17 238
29 932 683
358 963 622
925 120 299
623 921 171
364 27 828
962 837 68
839 180 311
47 603 180
23 970 981
892 794 355
636 89 560
499 981 373
464 97 72
196 801 64
643 559 516
969 67 698
301 594 545
110 515 562
15 121 219
826 46 40
335 350 11
550 863 677
433 685 26
387 93 438
714 955 152
641 422 39
108 892 829
38 440 781
718 551 734
334 709 247
558 14 291
270 765 552
377 620 714
353 201 442
98 826 90
637 329 64
173 415 390
810 754 41
191 462 119
225 838 256
356 813 430
687 656 552
821 178 999
402 741 725
951 227 628
266 422 904
874 750 514
257 373 222
135 37 127
538 684 415
908 810 753
970 831 481
134 190 390
566 511 8
614 77 220
922 682 260
290 455 725
889 899 285
957 437 160
216 555 148
503 663 341
497 164 957
891 779 439
832 228 19
114 371 919
519 229 965
734 90 494
690 584 905
960 482 413
98 159 649
715 855 334
442 147 924
580 686 482
153 295 547
642 921 129
769 777 996
647 777 555
701 768 936
896 556 211
540 520 264
994 365 288
23 307 375
169 287 763
841 242 4
757 282 340
394 835 207
985 831 585
26 218 180
63 343 925
921 556 887
459 711 31
659 954 746
380 386 170
121 226 730
784 483 768
570 872 517
285 644 900
691 919 201
886 492 888
875 310 183
118 113 797
875 328 88
574 979 141
452 271 602
148 190 910
167 745 121
97 290 469
847 902 256
676 54 728
467 26 548
883 201 467
31 449 255
197 556 523
592 837 81
463 241 296
486 534 425
697 515 890
566 505 14
976 429 543
551 620 64
454 713 963
81 332 297
130 97 899
807 783 593
656 574 601
887 366 587
466 323 478
818 98 194
171 542 913
162 149 244
58 693 872
840 692 685
432 326 706
241 125 800
356 40 940
891 712 56
196 76 470
364 466 373
16 212 27
56 436 967
522 101 880
345 665 531
93 593 910
532 741 356
244 466 857
379 598 612
862 953 903
461 300 713
917 155 989
828 864 731
635 985 707
335 442 527
196 308 343
920 564 588
33 516 106
341 129 631
722 892 668
589 656 754
401 924 30
914 40 510
976 343 556
500 710 166
162 605 478
230 544 90
986 946 130
862 62 752
922 589 39
889 330 371
977 972 353
484 162 575
787 543 677
353 915 184
860 281 50
432 944 250
599 873 887
641 835 158
618 912 514
272 551 306
848 910 374
662 630 365
621 106 176
588 102 66
916 335 744
845 444 509
133 835 381
672 721 253
867 744 633
175 755 301
895 789 267
176 914 427
660 122 36
249 787 863
649 984 788
231 415 482
40 438 155
280 499 698
339 862 776
391 584 441
93 421 540
20 357 524
701 516 18
548 997 82
844 107 230
443 739 398
873 106 52
145 280 696
758 891 920
626 620 666
769 858 747
971 809 746
566 119 982
238 982 242
216 452 471
427 769 954
643 295 619
460 130 680
340 785 380
355 90 796
928 990 455
291 625 634
35 635 826
732 293 462
283 360 445
297 979 824
321 10 222
176 273 823
926 906 754
342 627 911
515 796 2
843 269 480
13 692 837
457 587 874
282 651 56
305 134 151
517 551 44
140 448 650
962 511 888
999 670 460
992 527 195
980 517 60
204 955 1
55 466 212
813 174 685
78 96 202
166 216 699
74 590 935
298 522 92
679 646 676
209 62 241
67 426 121
630 649 376
859 935 869
281 842 471
784 965 231
117 761 628
464 662 205
484 175 596
65 359 248
930 52 525
901 893 162
255 290 15
698 892 254
529 322 820
431 207 83
700 323 979
843 474 653
715 92 769
878 768 338
971 265 99
234 329 998
691 174 563
125 537 876
304 560 306
887 146 968
425 905 729
649 851 488
879 831 700
371 321 71
946 6 657
632 607 3
963 445 166
695 159 168
154 898 150
319 531 287
897 378 801
257 730 303
789 532 516
703 540 5
85 508 638
164 297 668
682 265 66
261 471 972
767 762 4
941 514 161
100 323 198
596 618 918
699 98 797
172 903 617
941 675 776
88 627 52
9 272 64
956 964 798
844 419 131
991 539 83
452 777 276
797 774 446
582 622 311
673 55 841
22 374 84
2 301 433
488 158 359
479 561 706
708 384 725
631 130 979
520 431 999
485 75 417
455 447 48
904 21 827
460 612 289
646 576 82
231 782 713
210 41 342
542 42 747
892 176 386
173 238 785
23 78 86
67 188 782
263 206 620
716 373 36
627 676 382
825 424 770
484 728 614
331 307 455
92 468 676
468 357 504
878 526 384
846 868 802
953 980 739
485 327 552
641 721 314
894 255 740
431 453 288
251 252 345
739 146 635
387 620 427
289 184 407
468 180 462
57 956 326
514 631 638
319 942 430
665 312 810
725 88 640
888 616 772
466 820 566
580 47 76
334 96 136
622 459 781
208 460 352
878 250 701
153 66 577
952 666 511
26 429 254
953 4 65
252 403 868
872 461 336
661 242 956
24 305 623
735 745 13
304 8 115
102 386 655
919 638 669
516 544 619
119 309 176
751 374 49
1000 714 551
860 732 122
838 347 942
508 994 136
240 576 779
507 193 20
377 596 775
73 659 336
865 768 396
517 1000 949
351 788 569
521 696 877
755 496 613
497 71 417
940 820 623
900 417 31
146 377 93
813 655 477
296 205 907
706 695 267
12 235 695
945 50 490
546 47 409
967 833 60
984 819 273
1 923 904
458 888 807
36 333 960
886 368 481
777 377 765
895 935 352
636 102 24
853 704 313
271 27 441
223 761 859
235 982 494
919 922 696
753 981 648
536 125 413
407 99 491
553 189 38
569 628 180
497 971 854
724 111 922
975 743 262
916 741 693
270 666 437
268 649 677
860 223 538
652 342 92
688 304 336
445 726 342
128 612 942
739 117 482
520 36 715
871 308 103
920 355 703
600 998 526
59 304 545
414 582 913
270 898 257
7 554 634
956 972 398
5 913 717
483 650 257
253 930 366
750 540 580
530 745 992
822 332 938
39 972 480
917 718 330
363 632 761
544 515 174
363 463 534
924 630 597
320 435 964
774 406 611
534 354 337
961 304 207
124 320 139
154 341 613
348 836 315
445 392 885
425 612 875
236 927 184
994 331 763
156 292 2
762 442 594
621 77 721
297 977 47
525 534 941
21 791 942
303 239 49
157 118 218
328 872 521
108 925 35
620 605 27
846 778 330
495 252 771
412 705 261
102 621 342
998 451 150
862 410 45
181 255 854
927 74 760
87 973 239
311 128 561
311 812 345
744 146 145
835 906 685
387 686 608
261 702 765
444 436 666
532 21 691
470 353 868
428 141 888
923 195 950
836 239 198
277 116 11
990 533 329
718 169 862
191 860 49
661 845 695
259 862 404
171 290 306
84 310 860
769 804 636
360 437 109
556 884 71
761 228 177
452 661 705
237 886 907
233 504 460
119 277 53
794 473 47
252 939 345
10 90 171
673 889 269
240 9 707
191 292 200
707 311 120
734 55 272
505 592 491
802 169 162
810 279 556
175 697 728
140 863 362
269 832 787
948 282 998
433 184 848
959 237 171
339 683 442
267 642 853
576 15 571
704 627 835
194 150 144
161 773 398
165 550 673
85 427 38
812 672 863
65 366 95
893 107 592
753 586 63
750 592 87
62 950 489
909 262 424
899 576 215
377 914 270
435 59 264
42 97 269
590 468 707
100 399 599
405 896 66
368 2 53
381 4 119
549 105 973
19 6 882
227 487 57
444 357 773
987 427 389
621 744 388
549 528 616
611 943 257
884 974 625
84 408 20
713 242 838
28 740 570
664 920 643
866 388 409
898 953 794
840 513 952
150 423 673
197 616 922
72 113 869
204 889 208
634 140 628
175 34 330
20 390 59
158 20 276
769 812 782
597 189 884
778 50 897
509 322 396
44 258 682
1 600 348
525 670 842
974 95 836
906 900 919
775 65 976
793 416 997
709 10 368
179 739 795
420 370 628
238 900 883
701 560 442
877 151 295
627 570 910
385 171 666
513 347 700
657 117 199
545 746 450
830 961 296
225 820 210
596 33 254
929 950 365
210 53 929
199 626 547
524 658 575
72 29 937
867 334 898
842 348 593
715 771 351
734 19 48
235 735 968
956 548 709
532 714 522
950 71 352
222 206 664
425 242 589
807 642 933
198 932 79
706 149 109
852 658 752
324 532 286
305 505 590
622 464 375
325 499 734
148 796 341
483 493 238
959 821 924
404 319 288
946 125 819
861 194 484
886 783 731
424 307 372
147 241 491
951 425 824
763 409 749
363 86 89
576 439 546
536 826 115
55 286 834
359 262 490
443 554 454
513 70 525
114 19 445
993 798 180
394 893 559
151 304 809
857 800 191
404 644 235
928 356 219
21 456 127
896 440 11
410 806 927
494 93 727
784 773 60
583 740 7
399 907 995
337 652 613
315 906 259
687 501 375
202 843 51
213 575 650
352 598 566
563 39 853
676 396 592
31 437 193
537 247 934
273 711 165
471 981 232
327 296 130
