1000 9892
391 564
241 317
811 233
812 326
511 148
713 671
695 539
665 712
744 35
265 110
263 655
950 591
682 249
677 794
274 119
897 540
108 344
957 131
541 324
709 994
681 247
769 857
426 474
430 20
89 302
326 461
607 84
256 931
403 948
443 739
339 818
562 416
911 532
273 352
370 932
41 220
725 82
822 988
476 280
314 751
611 847
335 87
505 376
573 279
995 637
743 203
266 989
348 686
552 14
865 923
718 447
888 422
709 88
505 602
490 142
509 162
663 379
614 207
281 169
799 107
90 603
551 762
845 921
334 166
944 438
447 333
214 584
395 494
418 69
789 50
2 644
831 427
564 758
712 33
602 106
183 500
77 81
439 622
541 71
160 611
253 368
493 289
513 715
354 681
25 639
688 137
707 119
569 378
954 708
886 651
133 993
48 647
394 415
470 98
216 460
242 197
498 859
155 710
893 418
551 28
50 981
891 65
397 270
666 873
313 519
223 12
959 920
174 576
602 391
471 850
807 724
596 601
264 172
277 682
4 150
619 985
247 952
505 73
425 225
649 936
64 216
452 599
92 750
18 649
865 298
938 566
223 119
49 741
140 180
1 602
364 410
390 564
219 514
183 999
754 865
168 578
426 872
387 738
762 372
11 830
75 695
666 126
885 362
121 469
528 115
34 484
362 937
842 415
550 164
263 109
163 169
680 477
832 520
319 298
451 98
219 206
901 524
115 17
816 28
125 248
371 7
295 428
879 467
402 693
720 440
646 976
664 622
613 131
158 142
271 949
369 319
332 133
712 315
731 73
364 630
583 932
267 16
460 33
599 54
983 343
271 75
94 554
186 561
43 984
373 625
73 689
146 483
136 85
636 168
605 983
90 260
623 402
204 828
317 507
264 249
268 545
730 340
946 629
420 996
921 825
924 436
239 943
717 715
294 868
632 518
865 453
205 860
95 344
300 624
501 17
331 168
201 973
955 393
204 704
723 848
652 364
874 428
748 389
852 245
948 711
110 922
572 187
735 665
589 792
537 645
594 942
7 281
706 800
671 822
139 353
358 119
710 984
771 868
884 923
945 41
908 443
802 914
768 750
71 807
223 972
465 213
101 288
139 657
436 571
628 23
479 743
704 559
394 19
68 78
567 436
296 31
877 425
629 707
708 126
410 729
569 720
328 866
627 70
403 144
413 51
501 893
926 92
830 1000
289 9
882 136
385 575
172 962
36 932
109 281
590 280
795 688
464 384
997 138
489 979
347 477
39 387
756 951
778 305
469 98
90 361
42 244
151 954
541 206
775 74
854 127
946 937
501 290
599 425
326 760
255 375
299 909
526 124
39 19
199 876
628 866
863 133
459 707
26 290
150 386
429 999
641 775
587 207
515 890
790 416
663 146
847 689
110 967
880 162
990 171
849 821
166 601
739 361
888 685
141 277
382 187
572 95
700 4
61 478
168 360
365 968
3 349
520 704
600 430
383 565
301 52
426 578
318 588
771 638
774 323
78 76
281 494
506 871
488 166
487 936
541 788
272 679
368 844
884 268
97 412
618 464
525 900
560 532
107 861
261 182
686 617
893 187
217 650
768 54
860 420
683 421
276 789
777 808
869 434
111 339
665 759
472 871
789 578
829 629
213 400
19 203
769 569
21 793
320 474
105 648
696 37
200 916
990 843
938 942
957 130
691 362
450 708
913 228
787 831
476 580
540 29
632 998
264 256
433 447
715 33
273 214
558 617
944 781
248 394
142 464
754 664
518 863
26 169
616 585
212 156
784 885
138 223
344 780
822 295
420 97
738 228
625 265
278 3
300 230
804 922
598 600
893 584
260 241
54 762
914 635
371 354
83 22
88 384
14 936
224 904
775 719
334 389
743 91
301 68
49 216
954 286
96 10
701 547
888 842
56 744
736 90
632 27
64 583
964 58
180 585
436 755
823 993
723 309
769 289
210 288
484 199
231 634
713 463
945 343
769 429
185 166
58 156
742 834
157 216
752 974
215 966
972 707
693 613
829 838
445 605
488 416
930 203
971 573
823 564
720 251
242 115
73 664
113 998
9 35
449 420
858 8
310 651
77 660
262 558
549 522
751 692
916 607
367 703
543 856
360 929
499 730
198 315
844 457
904 14
339 755
152 14
948 351
700 648
277 681
631 928
601 117
965 764
468 68
86 511
531 350
201 839
53 750
19 562
192 14
209 992
548 374
875 259
322 641
676 496
98 440
511 113
709 648
636 696
244 833
979 142
232 777
504 238
54 710
383 286
909 856
384 365
990 413
280 814
228 684
361 453
987 393
92 83
556 418
229 326
340 929
324 110
290 202
367 456
558 291
350 383
854 970
843 368
932 764
536 317
183 426
336 291
65 763
137 726
671 145
612 767
304 531
544 887
500 589
695 436
637 28
141 963
953 197
113 672
590 146
683 348
996 237
726 466
656 916
803 583
70 110
422 403
309 814
208 116
327 274
423 831
597 464
122 944
48 563
997 188
694 670
290 592
367 834
481 535
722 687
120 580
731 647
164 524
972 171
810 26
702 4
796 473
619 678
856 372
708 765
912 710
734 373
496 67
444 518
562 570
65 498
429 625
122 5
964 918
783 370
572 190
139 676
876 45
71 333
633 864
101 794
373 37
654 372
36 907
862 507
844 546
663 254
62 739
789 715
766 663
168 369
496 527
758 811
83 97
340 368
88 601
914 579
419 99
538 247
847 99
390 672
70 440
516 546
615 84
50 908
732 208
699 293
530 429
496 892
157 461
174 469
965 310
183 281
171 305
758 663
229 459
881 455
324 465
769 100
25 788
797 654
449 544
512 258
507 342
180 688
769 405
661 175
441 68
63 197
732 276
971 628
898 674
50 771
849 80
427 134
881 327
932 837
209 322
247 398
768 329
844 220
394 724
100 188
694 634
734 567
847 892
294 84
945 19
958 63
697 311
19 287
166 146
522 650
874 973
268 710
752 393
109 860
169 876
852 772
501 210
587 113
383 146
627 848
117 482
851 242
639 429
987 900
297 268
856 29
236 263
41 887
64 432
725 458
586 29
974 604
631 575
646 420
763 751
214 977
586 108
41 529
816 409
279 507
157 655
280 40
789 314
684 672
775 891
122 154
802 951
659 802
534 486
43 441
407 175
357 169
908 303
12 500
875 676
418 63
1 77
850 986
561 149
30 208
314 367
243 191
355 601
210 460
251 664
635 53
355 678
188 161
945 528
910 546
233 774
655 702
949 248
678 526
422 328
960 815
778 496
547 693
640 497
829 515
901 502
280 448
890 531
542 504
533 222
50 286
346 833
350 905
333 771
239 253
513 244
270 78
296 221
60 302
632 777
669 924
559 388
194 316
108 346
271 416
630 499
501 261
908 587
247 801
435 171
56 308
999 957
298 401
317 147
725 22
339 839
255 502
14 365
182 787
623 683
552 827
724 338
317 772
505 823
156 646
592 442
162 839
658 192
93 381
644 883
296 1
278 145
728 4
92 699
308 872
499 683
481 116
531 536
123 955
72 951
568 540
201 21
899 468
794 34
230 408
927 258
631 854
520 622
566 84
438 100
538 94
779 408
432 13
431 956
1 56
558 260
483 682
876 95
31 396
915 537
309 362
463 584
457 575
573 729
243 234
44 9
724 603
674 368
180 761
751 130
50 64
419 631
936 683
884 353
778 178
363 881
556 3
650 72
542 58
47 760
138 164
843 617
937 764
702 444
693 351
859 195
626 202
76 239
313 299
544 697
379 38
252 296
590 448
960 553
578 408
501 455
561 718
640 763
146 12
497 352
934 76
477 751
957 165
134 644
395 644
288 308
568 620
221 746
772 14
448 864
709 597
658 149
363 153
255 415
717 694
64 218
282 129
339 976
913 993
349 247
520 861
886 390
482 984
953 957
439 490
358 254
50 135
54 711
735 564
115 983
940 732
651 403
340 716
969 52
111 643
584 364
44 312
281 26
34 482
714 320
219 802
171 583
922 277
393 577
713 136
128 786
741 762
324 510
567 82
556 193
149 245
320 953
337 125
854 570
600 645
285 501
640 236
508 226
91 10
119 472
124 247
216 745
587 810
509 648
906 242
581 564
698 368
424 933
446 26
618 715
22 19
488 300
397 590
808 843
661 477
954 825
298 21
725 650
377 628
85 299
969 856
512 947
333 525
239 475
969 809
967 210
749 21
350 208
232 550
282 592
156 953
449 161
216 212
515 610
626 291
40 898
22 534
938 871
278 396
958 354
445 405
545 975
622 719
308 659
611 90
524 579
42 212
988 324
28 274
676 390
861 926
218 640
239 798
899 225
666 668
776 372
504 813
639 281
569 618
827 899
844 547
442 495
62 736
139 389
675 727
988 438
1 420
442 350
560 661
945 333
186 68
192 757
36 522
448 978
33 996
396 274
257 252
615 87
68 170
710 873
615 221
452 9
737 205
918 890
67 338
728 568
812 74
842 512
680 443
404 91
396 967
716 972
537 199
632 195
480 688
489 294
864 790
848 363
280 199
869 11
502 556
48 355
51 644
622 333
167 684
717 71
836 363
694 857
734 794
879 215
826 449
845 483
665 581
454 621
436 232
330 599
510 953
593 475
955 796
392 78
446 385
88 733
269 440
87 401
476 860
134 546
446 272
363 434
591 918
523 734
446 620
91 752
905 402
726 810
255 454
424 108
614 779
151 11
218 727
252 788
663 172
991 355
69 287
179 883
538 310
421 658
724 29
254 356
147 266
404 571
801 569
335 237
796 802
908 932
709 97
231 797
760 942
426 689
529 916
751 395
550 994
81 781
710 740
952 608
984 487
862 931
828 631
321 916
525 561
663 178
681 883
495 431
85 687
232 173
125 190
751 222
272 808
437 98
370 7
777 989
315 906
161 96
665 762
707 45
195 321
161 465
803 542
960 16
497 25
668 384
595 672
338 348
593 50
146 406
792 348
441 690
722 741
482 286
119 87
644 312
222 324
412 484
553 738
570 704
863 453
351 241
905 317
565 331
308 676
274 276
992 929
80 587
27 116
174 773
175 52
982 684
607 81
921 608
317 771
869 854
596 953
944 322
896 930
933 457
296 2
888 604
317 884
466 334
526 376
352 297
581 360
88 275
163 687
466 112
31 216
823 172
707 687
10 453
463 301
177 124
54 794
441 455
634 516
451 250
732 153
703 520
543 83
201 267
674 286
305 353
548 445
7 150
158 6
349 456
337 929
724 715
12 767
397 839
958 84
203 568
539 930
180 877
449 664
11 433
916 404
180 178
649 311
150 964
748 683
214 11
640 478
659 362
316 607
711 355
878 461
535 884
536 782
384 523
521 222
759 474
507 861
184 168
955 949
887 104
652 775
725 471
122 892
839 435
271 391
688 679
794 486
363 267
572 477
762 959
688 822
360 711
901 881
970 128
933 28
844 681
653 909
858 725
239 874
848 699
727 897
452 737
733 272
696 18
936 46
880 287
999 237
876 376
469 702
771 252
64 360
528 487
12 200
654 555
732 155
222 553
408 357
585 107
245 633
854 857
448 661
270 830
401 957
699 108
229 404
435 112
723 354
12 445
660 369
292 669
884 215
831 456
923 789
11 255
632 640
859 915
701 341
988 821
682 632
149 357
116 1000
302 479
85 615
195 507
621 61
39 186
66 372
198 857
669 759
91 811
167 214
225 929
815 666
177 774
17 553
436 21
57 216
772 610
783 41
716 508
241 36
811 464
69 742
991 122
179 346
784 612
863 396
709 790
658 468
770 698
881 229
890 157
388 583
986 616
455 287
683 568
744 570
519 827
229 978
135 562
357 102
140 196
639 280
307 333
19 705
494 925
533 732
774 798
580 729
266 513
493 358
629 52
893 767
654 519
720 859
112 576
873 245
281 245
102 111
426 621
180 924
881 825
959 739
148 242
21 108
263 227
447 390
855 261
837 266
984 850
825 722
51 692
760 892
438 335
906 949
586 669
695 365
495 507
372 630
411 622
964 274
384 806
544 990
440 509
138 893
765 346
660 986
110 17
66 366
275 60
350 512
497 124
281 851
15 6
790 904
78 674
797 240
104 313
195 642
270 112
570 954
227 53
100 781
156 111
657 982
568 87
91 578
807 776
313 572
596 557
448 341
394 775
220 208
769 881
226 86
407 15
853 43
844 354
900 412
960 431
118 91
303 959
770 928
883 857
899 220
121 86
429 885
675 203
287 363
773 588
248 335
691 207
921 342
376 499
487 481
474 896
215 507
457 807
167 628
448 686
729 723
499 299
556 356
43 443
81 780
319 286
516 806
101 210
180 743
720 500
538 653
869 221
906 937
232 174
506 981
379 321
125 189
224 594
708 236
149 411
859 72
765 685
428 571
100 170
603 79
823 578
958 255
264 967
911 47
695 644
753 184
807 863
829 739
522 733
669 922
782 171
880 261
772 389
41 405
526 172
605 653
986 945
127 345
454 251
455 342
540 24
423 692
818 854
429 472
13 184
416 718
537 774
844 646
369 610
443 743
732 679
821 658
435 331
311 292
830 576
980 53
362 268
948 523
254 310
58 517
956 46
118 375
173 340
68 446
841 250
292 166
420 499
538 186
97 90
429 123
197 239
698 964
898 2
524 72
999 430
656 80
35 109
572 860
370 117
840 782
218 393
582 365
270 803
751 430
291 324
220 422
483 684
360 289
698 137
517 691
104 673
332 959
668 801
963 231
530 830
140 566
306 778
777 623
500 628
301 517
416 465
453 858
592 666
114 515
133 860
542 56
11 432
342 450
125 818
985 527
475 687
855 128
623 164
627 289
995 261
820 216
473 51
130 788
25 152
151 910
118 455
544 298
123 63
808 655
237 459
822 115
904 162
321 862
820 510
87 713
326 259
643 607
383 237
791 719
19 492
374 31
287 801
260 385
74 331
662 600
277 694
98 85
999 953
784 694
260 770
130 344
638 982
255 110
934 959
319 223
743 261
670 901
948 751
546 818
339 48
233 469
57 751
509 352
571 493
366 731
496 313
934 665
573 311
745 562
157 708
417 639
119 918
95 548
987 394
475 350
262 272
374 788
732 126
182 91
614 126
72 401
110 425
256 72
756 411
359 686
120 381
696 385
594 413
907 312
617 7
125 869
920 957
797 457
601 760
832 210
200 531
897 403
811 53
947 220
262 751
547 591
381 573
844 187
772 680
424 566
962 42
411 848
948 105
108 766
592 51
57 56
104 365
904 324
674 969
624 612
851 715
308 383
990 887
69 630
327 194
735 193
723 649
904 45
505 248
348 578
792 802
353 316
596 488
248 598
853 391
869 877
748 114
107 122
951 655
700 397
757 204
792 960
818 64
769 747
433 166
734 180
304 341
657 343
699 316
916 51
706 828
127 826
516 557
439 238
228 579
864 716
343 370
235 397
968 560
24 274
101 300
799 329
965 307
127 536
898 492
118 423
251 512
766 161
860 190
293 875
755 912
940 6
523 54
228 816
563 832
694 61
612 670
8 612
150 675
390 669
241 797
696 721
803 663
343 182
38 896
755 174
258 768
850 678
191 98
29 67
405 490
846 906
43 939
760 583
854 401
782 434
349 129
471 579
458 622
275 172
549 638
933 927
327 384
493 920
313 466
958 34
861 685
808 583
844 445
48 816
195 931
469 320
666 988
771 953
899 846
827 560
204 657
226 185
374 353
675 612
657 17
956 558
110 971
329 160
442 385
114 866
465 544
528 258
527 636
608 560
734 144
2 121
59 136
442 368
61 474
687 378
447 993
503 933
469 885
311 22
24 592
461 645
813 432
600 618
231 799
149 984
742 489
504 263
893 883
435 859
21 30
872 807
8 838
346 409
328 932
534 340
516 807
388 646
618 77
671 197
536 376
139 774
612 547
462 674
323 248
911 411
492 737
57 452
755 29
42 656
964 839
161 701
907 320
267 993
52 329
279 770
683 409
893 296
164 786
419 779
741 244
229 928
655 132
752 531
396 990
76 85
792 350
795 513
482 284
389 816
467 688
268 903
818 52
749 186
569 172
862 211
367 679
425 228
555 623
320 478
84 431
691 705
854 159
161 674
669 694
843 906
863 873
763 211
191 602
433 546
605 652
109 829
241 544
601 29
69 479
344 242
199 844
424 74
44 787
689 706
92 621
653 871
212 41
986 720
643 145
24 799
535 174
279 197
463 152
726 534
624 104
970 76
329 92
348 808
221 470
495 555
173 339
193 573
756 94
349 434
984 719
628 222
931 968
275 876
249 190
300 233
118 608
525 480
613 142
789 347
132 946
225 366
776 842
484 493
392 488
72 231
492 109
493 506
25 800
814 736
431 964
918 270
586 579
811 810
396 828
777 622
403 815
444 925
543 371
600 859
586 722
299 111
670 114
219 684
336 232
657 738
105 445
33 200
967 965
34 867
39 502
603 219
34 722
971 287
735 462
212 649
322 217
750 137
899 603
902 594
562 899
545 183
164 635
913 865
688 857
766 818
154 427
491 464
81 316
863 603
887 342
155 25
822 608
182 754
916 808
421 374
95 355
398 278
197 287
89 702
130 456
922 860
841 260
823 492
735 672
478 411
279 350
672 762
31 809
501 689
644 624
831 822
944 666
102 246
249 802
379 863
969 57
866 659
775 815
392 940
926 681
179 760
788 714
974 181
443 319
410 556
327 821
694 708
495 3
689 404
360 286
401 355
16 570
399 457
76 586
688 826
850 929
924 696
917 253
519 89
868 845
281 603
381 589
142 532
822 138
590 150
542 21
57 109
664 387
47 922
61 893
857 406
893 464
401 392
446 488
689 129
569 123
920 715
816 556
29 305
692 119
800 896
422 192
941 53
981 95
123 331
415 921
515 615
878 713
282 338
130 539
791 722
832 481
761 573
453 256
674 680
507 601
435 228
666 616
960 325
691 471
231 310
348 754
519 821
60 190
904 780
779 904
84 52
895 236
217 461
457 94
455 575
481 64
586 485
240 681
850 430
465 596
298 638
693 996
473 936
823 353
71 764
205 522
922 82
7 276
267 427
840 503
469 961
720 861
383 655
404 768
79 134
1000 680
59 891
399 527
268 734
847 141
672 851
861 353
633 386
500 655
376 917
360 378
768 769
915 594
163 985
935 552
939 925
82 445
90 830
94 862
699 872
223 638
759 600
356 93
449 725
158 239
769 282
293 588
927 185
42 332
651 858
29 66
765 344
159 707
397 500
648 548
246 599
318 96
44 914
360 822
859 268
845 369
156 250
673 448
373 392
492 322
807 949
369 137
167 474
743 383
835 436
714 527
820 645
571 906
697 315
972 203
317 26
216 43
781 427
639 587
669 648
717 537
60 380
832 461
26 444
522 537
706 298
134 835
639 472
226 35
222 24
776 132
245 217
265 897
106 625
112 162
313 811
796 846
653 979
486 876
912 339
992 993
19 735
224 347
352 256
979 221
706 639
780 474
602 956
54 531
3 307
975 137
888 289
709 477
396 418
662 77
760 695
448 561
620 959
810 995
25 41
49 147
837 458
146 815
974 237
479 689
794 287
600 546
249 564
130 945
529 538
366 861
167 852
977 328
337 41
638 905
675 129
661 94
685 702
647 95
320 996
172 893
120 438
121 867
360 485
414 198
362 543
901 720
307 335
371 743
392 416
472 590
716 721
609 615
637 177
983 421
414 992
73 802
536 134
811 124
940 408
1000 435
856 207
795 418
441 695
227 194
962 19
160 25
658 376
574 718
164 753
517 51
441 544
714 547
613 44
145 228
806 19
165 233
772 391
777 495
504 539
10 816
518 59
329 400
411 214
145 6
843 235
147 592
60 247
249 186
467 239
69 367
236 464
308 965
386 923
574 504
480 152
435 534
675 540
273 491
788 939
519 914
481 136
121 225
241 141
767 126
988 377
421 516
36 72
145 578
718 385
996 803
978 466
724 786
33 929
126 44
609 86
292 902
3 461
951 428
200 61
888 138
523 416
803 483
881 967
242 827
545 104
885 547
558 379
284 564
471 454
241 497
223 545
522 296
617 110
889 657
963 118
525 931
12 762
343 136
312 292
99 636
501 816
195 401
752 850
659 510
432 490
128 374
220 996
976 138
802 266
587 608
143 6
464 333
631 228
489 942
420 744
220 778
811 489
446 348
624 634
877 104
15 233
994 324
540 770
786 56
244 650
268 650
472 21
145 81
827 669
331 362
724 259
815 180
999 955
662 713
636 582
287 412
843 356
883 787
24 892
780 120
867 362
357 843
154 451
801 872
438 907
965 140
706 935
474 983
550 764
23 852
330 504
304 314
176 175
549 316
258 327
791 339
975 502
248 103
391 33
943 532
620 903
159 5
552 383
424 296
461 989
297 772
798 484
121 584
874 118
638 231
174 473
473 37
864 32
112 773
703 553
63 974
546 500
239 9
228 798
101 232
408 914
671 156
765 81
233 928
217 555
968 173
298 876
405 968
105 183
447 77
120 262
716 650
418 325
113 859
60 934
670 578
933 233
33 122
548 655
256 263
80 59
99 745
451 126
412 154
185 272
403 457
740 102
616 44
707 375
122 957
187 779
78 964
596 677
19 460
180 525
342 825
553 686
830 194
777 470
83 955
922 647
971 24
826 877
98 132
706 366
875 452
448 141
308 671
682 364
544 133
587 217
257 564
169 448
241 460
282 225
212 98
277 615
1 527
75 922
611 828
832 63
687 243
357 764
822 926
400 939
883 668
844 942
261 998
335 304
460 935
715 603
457 191
24 630
3 874
984 648
694 503
310 779
27 966
73 376
688 956
422 869
98 925
653 451
413 894
399 447
276 426
775 48
358 730
942 61
824 682
789 116
115 499
388 563
650 298
778 231
811 885
335 113
56 882
158 383
716 317
897 509
294 367
591 719
512 106
217 912
299 455
247 389
85 346
433 969
712 428
930 383
697 88
139 499
76 51
501 522
433 858
394 544
307 833
369 136
26 667
356 402
29 276
285 906
71 121
74 687
221 524
448 424
998 944
568 457
200 973
809 929
648 97
667 271
654 59
594 561
215 891
171 450
296 884
753 567
979 510
653 77
799 683
993 302
102 450
417 874
829 241
571 422
202 271
24 547
405 362
334 256
279 385
266 544
712 624
838 240
16 71
383 733
19 956
757 448
702 284
262 444
279 502
226 717
451 373
768 593
698 926
736 197
261 764
110 517
750 103
439 893
278 677
376 835
260 476
825 642
310 202
737 350
441 137
595 872
724 588
954 616
185 140
490 124
918 612
902 409
850 870
959 344
119 495
211 992
290 570
803 292
772 957
556 20
778 106
211 849
43 120
768 187
643 825
418 508
575 238
902 842
816 663
377 583
130 150
787 502
826 592
366 265
841 751
118 510
744 953
691 594
471 982
579 777
47 807
892 320
674 527
70 652
821 844
240 167
593 741
649 219
833 150
230 966
855 573
861 544
667 491
722 914
338 607
725 17
86 469
398 977
323 947
790 471
994 114
23 508
908 934
925 960
912 289
425 210
52 604
26 179
598 483
840 707
296 917
127 470
500 157
148 625
131 869
297 525
600 370
28 747
367 393
823 168
563 507
262 408
136 796
598 828
858 781
755 703
278 726
707 544
603 627
819 942
470 590
480 286
120 245
580 790
513 152
254 832
44 6
618 431
410 744
530 829
858 478
896 191
290 386
498 481
461 235
101 68
600 861
965 633
824 465
682 531
976 252
773 377
725 927
194 857
786 629
968 912
238 22
4 714
668 625
63 105
768 55
759 162
705 764
463 865
138 899
582 974
950 546
937 385
4 1000
151 907
835 510
553 689
865 871
972 189
756 868
905 204
820 505
937 163
619 577
730 490
827 668
83 764
598 301
454 117
563 153
869 886
193 509
265 984
647 105
273 325
58 949
573 82
12 523
848 703
210 576
406 123
889 421
908 217
191 943
239 95
933 378
662 808
6 716
154 115
192 290
176 743
610 315
738 484
776 665
997 617
784 132
551 391
880 605
520 670
210 220
746 58
864 33
718 188
314 206
375 555
780 512
620 678
56 633
826 101
662 455
464 238
524 476
716 564
988 817
719 643
834 683
73 927
150 885
581 575
83 454
659 285
608 499
319 791
86 998
143 101
679 119
540 671
87 136
290 618
627 687
42 318
497 438
264 17
172 650
302 553
769 335
838 559
601 360
237 428
150 813
743 870
390 614
384 747
393 476
407 860
786 29
678 23
200 978
581 369
792 694
722 971
100 587
461 637
546 126
507 603
736 783
74 168
500 229
123 683
931 582
149 525
773 707
634 21
451 749
253 585
861 778
218 828
457 92
705 294
637 803
490 412
110 925
98 713
871 454
940 528
468 574
298 87
440 888
516 409
455 863
358 110
16 235
418 819
548 794
496 995
387 596
941 37
799 351
656 411
254 190
718 361
132 884
168 581
794 313
832 764
215 305
896 345
292 558
712 17
383 892
154 698
817 330
858 406
569 729
963 49
219 484
805 917
841 557
426 173
895 710
48 759
240 633
569 443
309 240
419 784
242 181
850 564
962 154
359 846
394 606
241 107
773 210
208 892
635 807
477 553
497 338
838 523
273 961
22 580
920 600
613 757
744 892
838 666
929 670
605 677
255 380
863 125
499 774
298 423
248 518
688 867
339 689
212 417
984 186
454 34
486 63
312 631
97 999
540 167
852 881
467 213
515 867
754 623
573 41
758 111
904 810
164 565
84 524
396 126
177 422
888 36
776 484
830 571
565 938
687 150
871 405
763 628
305 956
883 635
405 361
596 92
853 619
254 504
221 145
742 285
581 145
253 800
472 97
310 425
516 524
59 966
462 20
871 200
837 456
883 262
404 149
998 213
121 519
534 363
883 183
77 212
614 5
393 749
410 661
195 153
287 713
751 372
128 78
744 510
157 205
730 689
289 957
570 38
733 570
363 306
220 659
294 430
24 190
11 392
640 88
904 979
971 534
695 967
518 89
794 977
484 927
521 340
633 560
565 3
216 929
143 93
401 342
683 184
521 165
722 734
338 939
433 837
273 796
809 738
332 313
283 199
467 546
565 293
56 331
536 981
669 775
912 516
251 312
278 329
377 405
722 195
88 75
415 736
145 4
771 344
771 360
689 700
779 837
451 788
389 678
623 806
484 146
173 319
31 929
72 558
255 199
387 353
889 121
317 992
983 707
996 862
939 973
671 870
568 913
914 645
774 629
857 809
580 428
192 485
452 63
895 277
382 440
702 923
723 476
339 487
305 267
401 980
759 177
936 627
168 541
479 663
889 949
599 742
974 656
955 302
404 24
298 743
963 68
997 935
553 755
730 738
158 11
607 980
611 181
688 50
941 672
229 158
542 194
513 953
551 929
494 18
792 481
258 852
65 562
483 287
478 260
863 608
792 159
397 548
860 566
75 342
826 386
475 720
800 580
750 29
809 589
493 972
101 658
797 180
510 766
169 191
846 739
904 166
237 781
142 234
330 842
583 933
804 598
112 14
259 475
284 875
179 144
956 1000
994 23
942 303
874 545
925 931
896 899
262 766
180 438
721 155
139 503
675 545
287 303
73 151
704 31
944 526
407 646
525 95
161 393
783 731
555 932
992 794
906 582
500 97
232 671
249 807
638 267
340 714
453 341
861 120
629 204
478 696
816 423
31 72
205 325
331 918
696 63
70 568
603 606
430 558
382 295
992 471
721 751
426 517
297 923
928 847
881 993
57 295
310 179
868 761
124 345
507 323
380 947
822 30
436 845
842 712
175 514
495 482
78 318
741 454
584 415
128 421
423 214
650 22
90 123
275 39
523 381
375 110
892 52
802 300
256 392
475 572
581 133
152 713
743 899
29 157
783 52
180 31
276 554
351 22
743 784
713 21
838 556
91 637
476 741
759 42
799 915
838 703
731 525
273 117
888 844
895 907
865 620
793 909
166 331
723 634
745 982
209 948
981 190
798 300
435 278
210 711
848 525
851 131
529 102
676 275
45 828
374 648
106 826
253 569
678 464
757 121
304 329
875 2
501 288
571 269
809 400
712 677
654 520
549 478
992 149
754 288
689 203
817 30
874 217
747 349
361 426
324 58
551 665
746 31
902 288
280 47
357 15
730 555
106 257
181 369
38 730
703 732
190 481
524 449
506 954
492 761
349 812
868 876
134 216
484 21
358 570
925 316
551 873
661 281
574 730
224 570
461 259
673 251
927 570
345 282
293 730
170 151
116 751
686 823
502 704
290 540
740 4
378 325
474 270
144 661
588 208
800 960
86 237
895 585
942 538
815 264
763 203
730 304
625 46
101 903
173 568
754 13
728 273
17 114
403 931
387 102
226 194
101 982
834 389
121 679
981 338
903 886
75 811
258 201
266 716
906 956
819 408
876 159
783 637
878 949
383 505
297 390
540 326
887 569
343 607
382 163
735 741
451 486
676 21
220 185
936 890
644 587
97 418
595 415
619 485
225 705
295 574
872 903
410 496
604 454
162 337
695 57
698 783
721 678
115 179
99 790
315 309
563 603
824 729
642 591
833 925
280 11
979 651
581 835
896 213
895 242
301 305
332 999
634 831
400 41
160 592
915 992
518 207
859 79
842 915
60 872
80 118
449 98
838 827
604 953
863 668
419 783
901 511
243 595
744 44
377 581
928 307
472 879
114 20
242 33
172 700
433 836
126 987
198 580
949 276
772 499
439 386
790 651
222 473
117 685
833 148
910 827
986 954
19 963
938 825
9 715
139 660
41 186
328 480
248 402
815 2
943 57
639 334
236 467
311 291
442 574
615 721
652 349
67 839
247 717
417 884
37 287
121 132
117 225
301 410
233 508
128 624
880 853
37 480
165 699
22 28
98 654
121 343
563 872
785 486
720 905
990 425
774 618
267 500
965 213
309 593
419 177
737 158
756 238
849 580
206 203
978 96
819 944
254 247
137 593
524 171
564 840
603 738
654 994
15 528
698 146
354 860
150 525
368 742
337 10
765 74
626 912
354 719
501 908
63 181
559 784
51 853
252 210
522 849
845 67
955 527
318 477
928 625
967 560
273 588
146 722
555 178
578 753
659 368
218 192
311 957
545 105
120 22
358 812
859 329
402 10
961 281
446 323
543 947
527 478
86 186
713 924
221 961
38 57
497 281
868 376
743 892
70 750
805 361
695 901
420 969
41 500
333 836
433 578
929 581
948 295
331 367
98 110
117 306
209 847
991 242
914 290
454 107
463 203
265 990
732 640
363 47
296 996
620 77
822 945
74 185
353 102
512 835
69 98
14 541
867 589
262 491
62 809
231 978
508 565
154 58
37 533
24 652
421 950
723 10
466 225
858 751
785 595
534 54
332 762
81 830
672 843
620 529
770 344
390 105
194 614
637 306
977 405
120 386
488 230
470 842
695 263
142 160
422 681
389 432
319 51
525 964
842 570
603 492
567 329
91 176
326 731
744 482
703 921
962 261
985 604
638 678
218 53
55 906
39 1
65 910
467 322
527 284
478 934
189 485
173 928
246 766
483 24
892 164
783 55
682 166
791 520
114 292
955 870
8 393
155 298
427 449
191 440
912 687
549 726
342 828
723 312
653 632
726 918
166 249
919 277
830 848
984 160
549 776
52 752
455 277
433 428
744 430
313 885
79 846
924 339
305 773
689 927
469 747
110 931
805 833
554 579
258 4
575 811
770 990
19 933
651 436
680 132
112 582
335 820
727 241
729 761
968 415
435 834
555 673
702 848
279 128
120 192
926 280
333 11
529 562
401 915
399 440
664 807
77 302
284 968
985 877
675 583
336 263
11 273
584 45
566 77
987 56
459 451
812 453
869 52
584 444
994 967
629 660
75 999
29 94
199 402
955 545
462 916
227 703
787 479
971 330
459 190
152 550
997 434
564 235
713 971
492 190
890 473
709 867
377 650
194 464
549 714
142 48
550 157
365 345
385 977
267 547
449 134
721 73
116 259
31 681
674 712
14 409
18 804
58 777
960 185
468 347
562 681
65 327
908 957
356 834
714 892
734 123
572 370
95 427
306 791
14 699
75 955
225 10
80 787
944 632
726 638
335 112
723 228
714 417
37 604
923 157
757 461
12 142
275 964
516 526
955 38
645 942
18 374
85 997
671 930
654 660
270 841
128 802
220 222
148 301
78 42
745 303
194 575
162 449
842 559
475 10
537 59
24 482
831 441
387 848
360 346
730 88
59 696
831 270
246 890
873 28
584 73
12 722
180 668
876 913
823 698
976 787
206 680
474 628
531 691
493 196
96 530
351 314
354 522
854 327
76 122
624 547
129 628
388 199
193 885
602 151
530 408
518 887
60 591
441 699
463 690
936 806
235 563
255 572
204 238
217 77
1 904
277 811
776 70
740 287
209 721
764 335
270 896
178 864
655 470
389 918
346 538
421 460
792 752
998 232
688 769
964 982
127 212
773 648
118 953
672 501
567 764
714 144
974 742
41 202
994 224
615 720
541 749
836 643
767 405
783 592
109 747
992 897
40 14
775 544
896 711
608 721
625 533
114 689
301 42
305 47
435 668
166 860
393 803
580 430
249 762
858 776
608 831
279 644
413 946
460 418
395 472
228 919
64 592
233 63
529 762
609 308
671 164
51 807
968 181
66 133
96 464
560 111
264 572
257 415
985 982
954 859
938 420
284 726
410 905
621 539
324 567
6 242
38 973
20 328
294 347
557 479
82 513
618 735
454 541
554 359
256 430
665 518
425 297
632 591
625 241
834 919
891 856
502 777
180 5
753 205
972 41
26 687
935 660
673 396
624 638
824 16
256 716
522 763
134 749
525 553
673 381
982 481
783 625
948 177
56 361
476 690
667 347
265 739
69 557
240 85
402 444
818 888
633 738
260 802
887 301
322 615
839 206
787 979
917 896
597 1000
155 141
302 204
430 1
257 355
184 747
539 35
279 228
482 976
504 136
163 927
92 663
164 36
149 712
991 561
44 530
339 54
801 989
215 25
453 194
898 113
131 834
318 832
762 378
585 131
159 112
685 894
535 245
774 599
852 367
262 977
654 733
41 738
715 442
957 446
589 477
993 896
483 718
689 399
591 393
779 154
214 477
290 421
186 370
157 179
565 822
413 41
142 537
773 473
690 40
195 369
413 474
230 226
264 822
13 677
855 162
968 542
53 228
960 926
906 476
490 805
548 873
971 318
311 817
866 456
114 293
393 214
134 574
998 825
160 69
14 96
74 695
240 147
4 94
818 566
691 316
450 658
481 264
136 445
246 517
891 837
529 314
732 529
652 312
610 807
520 3
95 317
153 606
870 765
299 808
156 855
32 877
435 280
899 233
404 713
496 346
465 941
572 295
726 736
210 891
429 155
691 248
231 19
253 567
568 621
723 206
92 379
849 848
442 358
740 875
68 508
197 16
216 162
537 659
421 984
899 847
326 860
126 25
590 648
132 992
847 27
210 44
901 948
404 252
315 299
618 192
585 409
785 719
152 761
827 436
280 49
558 324
103 537
710 515
90 904
662 486
24 54
958 537
209 14
483 635
160 566
898 520
250 392
133 781
150 677
172 805
523 497
216 717
432 954
587 974
938 380
422 293
557 406
775 355
427 241
588 492
720 188
117 772
856 908
217 854
143 122
437 345
868 211
901 105
636 87
485 621
695 814
365 199
921 961
259 742
152 598
302 584
263 834
195 536
122 191
752 346
165 65
166 282
204 937
768 536
31 680
13 141
397 46
684 334
438 698
791 866
529 439
93 129
828 84
791 64
979 224
175 495
13 448
344 937
239 536
615 909
283 582
983 681
890 295
87 546
708 354
996 820
672 918
106 62
968 301
16 202
969 244
845 537
862 649
663 360
645 941
229 308
102 2
327 875
698 781
515 433
926 373
729 837
42 632
349 620
977 323
707 870
211 631
513 33
417 244
717 257
681 891
243 134
478 78
211 996
730 700
811 853
356 126
229 200
532 89
860 446
879 130
20 181
167 6
65 964
323 284
705 645
467 694
750 247
240 332
826 719
319 526
69 679
986 777
623 476
407 187
264 187
283 73
361 889
216 148
182 889
222 110
887 328
164 291
246 227
637 422
836 802
786 258
596 257
349 234
706 557
67 841
362 375
474 845
257 993
395 863
322 853
515 124
634 298
339 138
305 46
322 964
767 202
452 58
440 930
832 648
176 940
176 205
365 988
586 875
923 903
102 953
360 296
171 793
592 545
341 576
323 77
707 211
822 160
717 438
167 85
579 447
594 660
436 906
399 6
829 973
132 387
460 48
707 497
946 875
882 89
377 615
359 915
659 227
808 743
720 19
186 915
817 851
69 778
713 898
492 135
720 263
838 598
251 360
911 814
255 672
152 829
101 923
321 779
360 719
783 401
37 223
717 685
218 19
335 286
946 145
896 902
749 732
625 470
614 602
853 718
715 293
553 130
754 773
301 499
352 461
521 288
795 333
390 547
858 971
710 88
880 47
625 560
789 423
809 441
576 92
559 269
267 389
970 844
534 69
538 8
225 275
637 750
328 4
724 930
963 426
300 848
90 514
73 720
537 65
372 324
90 949
931 345
897 89
438 379
261 466
394 245
15 743
219 72
920 21
890 894
357 347
450 47
215 877
807 169
446 434
707 493
730 918
693 2
623 193
570 831
590 442
796 269
47 901
485 584
576 682
56 40
665 914
317 415
155 300
561 737
207 624
522 668
838 690
363 350
3 493
739 11
192 838
744 659
364 836
58 883
919 132
151 254
804 708
611 210
210 745
514 465
217 471
36 957
712 809
297 787
114 889
44 608
923 367
835 939
748 504
670 589
126 316
410 249
164 598
913 742
366 766
292 229
868 273
25 422
278 944
853 964
547 361
197 160
646 623
851 223
301 130
72 214
70 449
550 774
131 607
779 475
690 754
249 546
818 727
703 584
8 348
340 830
436 701
128 102
789 127
828 987
561 240
293 124
163 940
752 351
920 113
703 814
890 803
427 99
229 211
301 582
507 465
803 668
642 514
592 857
378 75
242 94
663 888
371 702
466 662
179 22
34 818
95 719
485 539
747 952
234 797
660 849
574 827
591 891
248 957
9 97
561 700
946 642
319 644
894 462
933 920
613 864
502 993
341 45
507 797
680 633
4 51
49 926
910 59
400 448
922 589
799 769
925 582
820 300
770 521
74 394
820 557
916 895
350 471
688 123
761 332
64 236
936 432
795 23
559 118
619 811
540 321
615 831
616 743
266 602
377 181
300 334
28 668
927 272
735 631
828 443
758 956
210 126
913 595
550 904
719 3
300 147
543 209
121 410
693 740
489 94
950 109
813 75
135 99
234 298
56 582
73 744
914 974
996 506
244 327
392 584
341 683
968 155
76 392
862 827
497 933
669 445
689 295
46 932
345 409
94 828
129 936
446 249
206 729
583 633
911 134
470 213
453 896
185 482
114 392
364 943
633 980
532 184
83 792
178 572
640 745
713 997
186 879
509 502
942 684
179 410
460 465
632 898
446 644
13 863
108 483
1 831
551 291
791 784
459 779
522 551
506 447
675 811
398 986
771 348
809 17
477 931
226 229
305 754
462 930
787 550
883 829
455 620
738 8
278 175
745 828
728 906
391 388
50 6
982 903
418 546
684 969
810 540
406 195
359 97
617 342
1 507
166 707
406 178
210 979
796 590
780 75
893 718
503 902
913 686
309 557
934 708
225 246
338 47
107 758
277 48
410 467
84 558
970 523
3 576
958 756
188 732
46 742
340 775
91 395
717 339
170 905
681 965
665 456
781 699
85 729
768 975
642 936
7 798
998 471
87 44
987 98
589 234
699 918
977 72
611 545
63 7
599 945
143 159
623 172
554 357
314 998
590 351
333 654
464 323
565 99
640 326
553 555
694 568
200 812
316 950
901 77
160 426
56 470
651 59
65 903
679 317
97 577
902 740
528 901
781 493
106 657
18 987
540 116
304 756
435 794
662 707
147 626
510 226
174 921
66 638
175 320
801 753
571 519
588 735
330 187
519 863
723 832
597 871
546 987
305 879
13 438
767 395
897 611
634 476
965 916
456 380
609 170
40 379
725 37
957 720
871 799
814 75
637 636
847 1
996 717
136 829
67 723
230 13
802 898
9 814
201 281
495 155
386 445
116 172
543 169
653 473
582 321
803 52
987 307
898 256
23 629
987 160
20 921
816 8
101 18
471 480
65 609
120 500
798 27
343 170
556 274
704 876
9 362
787 343
897 491
935 119
591 753
939 112
599 202
232 467
380 284
678 735
436 30
629 943
322 133
34 753
860 645
623 843
848 197
976 394
406 621
742 673
355 374
299 524
854 222
783 214
456 845
327 186
610 946
388 248
248 751
545 965
108 43
458 54
570 447
1000 589
804 709
515 778
679 519
957 417
796 865
434 926
1 513
643 238
887 593
304 510
191 974
766 642
287 271
399 961
564 485
754 806
701 813
575 852
410 198
965 904
567 964
991 932
962 926
101 626
951 622
680 135
449 168
141 86
586 849
70 964
185 920
280 900
7 51
708 332
926 287
31 441
310 224
681 908
777 717
888 200
82 387
720 383
746 170
659 753
804 311
110 333
241 546
405 901
82 274
153 952
259 812
293 928
777 943
176 290
125 769
152 135
891 438
546 103
655 827
532 54
950 717
493 110
722 612
6 309
744 52
412 244
837 821
364 733
872 152
307 839
734 546
113 52
136 125
728 503
363 428
109 192
866 349
613 752
834 255
374 44
867 475
237 284
221 695
151 498
443 613
214 199
652 599
691 395
895 939
149 727
188 407
886 58
382 965
257 618
921 515
939 710
852 237
726 514
13 109
474 887
684 998
996 15
581 378
763 523
306 328
382 167
744 206
19 868
552 31
989 118
572 962
643 775
944 345
156 492
620 950
107 269
35 120
214 718
971 961
110 527
687 350
183 193
159 360
362 868
271 674
914 975
241 637
21 407
115 36
741 312
478 918
873 112
954 617
162 79
868 701
323 224
659 634
162 190
806 767
368 983
884 391
152 504
405 522
320 581
640 93
755 146
441 990
795 763
578 745
956 370
769 530
411 754
802 481
893 654
471 654
402 915
590 685
609 858
228 272
670 331
549 538
489 836
200 817
455 43
131 497
95 960
799 966
138 715
217 82
880 318
476 681
558 667
958 337
834 195
339 739
375 443
469 364
416 872
36 641
352 598
777 353
144 802
161 900
75 890
956 961
409 386
474 754
736 699
843 369
370 985
773 518
136 597
46 184
448 199
390 507
370 808
461 639
830 728
45 768
18 7
505 267
69 138
55 171
607 398
993 46
311 654
597 676
546 662
581 622
231 938
300 90
375 694
918 222
775 707
318 826
940 859
194 309
201 448
918 841
866 630
262 301
357 865
837 407
436 592
550 772
647 154
861 737
957 798
391 984
139 115
289 882
91 714
522 320
797 596
508 209
309 480
935 364
703 784
651 957
675 594
157 172
881 730
399 147
347 194
96 578
462 561
781 983
690 876
893 339
669 762
106 37
989 800
60 776
571 785
651 667
13 702
698 139
68 575
821 103
129 597
743 922
872 65
198 533
610 589
685 728
185 366
117 619
78 739
338 904
502 959
749 150
821 825
421 139
517 294
694 146
198 311
326 376
347 831
647 802
227 453
748 865
752 356
19 465
41 9
133 539
731 962
865 751
5 639
445 360
176 660
40 94
494 911
758 168
226 377
357 705
322 772
624 140
735 680
944 515
366 736
884 869
79 5
689 849
215 453
784 439
97 494
11 954
582 311
380 635
162 290
127 670
366 962
81 818
499 95
392 803
564 953
380 746
272 573
180 86
650 686
408 13
375 545
121 706
732 486
133 645
190 462
686 467
484 239
176 168
488 234
128 11
224 676
259 133
115 264
33 386
660 89
609 567
647 301
81 510
306 255
530 573
413 471
877 658
220 967
8 687
405 691
488 279
130 862
419 971
388 154
101 879
467 643
711 412
380 396
67 787
576 673
169 781
649 59
282 564
155 302
929 795
91 624
846 704
316 859
264 230
325 515
295 868
454 169
803 625
147 691
518 614
601 44
855 739
812 292
922 742
61 122
615 567
890 18
66 976
654 209
804 710
330 77
776 383
916 349
904 643
527 677
980 118
287 270
605 287
236 678
719 267
757 68
399 881
31 773
97 409
23 881
16 225
932 471
149 815
534 103
292 886
594 818
499 394
580 481
263 55
712 825
780 920
606 661
497 605
213 653
429 348
220 884
766 95
970 576
538 780
722 33
44 53
615 302
124 267
430 702
569 626
769 112
405 900
837 792
125 175
732 377
550 398
441 80
502 874
345 961
355 694
375 811
200 425
772 599
685 734
135 838
105 492
87 324
642 691
5 209
43 930
82 964
412 245
177 856
821 95
916 709
95 862
665 963
65 799
195 652
786 857
645 18
848 162
709 879
71 118
218 422
237 394
761 624
192 821
504 519
320 493
143 650
706 290
302 297
51 107
92 94
625 178
628 887
238 767
888 988
969 701
182 690
383 23
365 520
459 591
830 594
136 698
174 982
378 885
306 246
969 270
456 727
808 140
865 365
631 642
600 238
325 59
879 900
145 717
685 459
903 404
672 570
865 79
404 957
816 405
559 711
463 338
710 817
220 37
651 293
979 944
949 520
715 858
862 543
181 372
99 797
315 328
48 77
410 620
492 820
416 815
220 331
349 617
578 853
885 599
615 338
42 758
232 152
548 488
702 573
774 94
977 98
217 661
642 740
536 31
63 114
539 433
638 738
587 636
347 391
919 661
960 938
498 809
209 410
180 45
438 762
440 645
281 934
602 2
549 537
808 669
554 417
826 714
333 970
48 838
855 581
252 766
1 908
401 106
358 710
596 587
868 464
583 959
979 684
933 156
901 611
44 885
830 876
304 714
643 267
457 316
476 456
317 792
325 253
342 693
1 735
199 724
311 318
507 553
995 653
818 942
18 884
251 760
736 555
364 420
520 828
559 389
118 863
172 894
2 519
145 681
111 514
849 669
386 181
150 218
631 535
706 970
176 377
927 502
452 918
438 193
885 152
266 862
712 738
180 824
914 782
129 462
496 347
791 436
461 817
101 282
76 712
519 334
388 732
408 50
211 679
360 299
180 606
788 285
438 402
24 450
744 433
48 504
11 204
485 157
710 590
824 617
287 683
181 180
534 760
383 818
689 551
216 793
62 547
203 565
792 118
833 670
446 155
945 552
12 833
814 363
34 777
897 373
181 86
534 986
21 765
75 332
267 738
270 135
424 723
631 224
215 537
255 732
679 174
437 527
520 269
132 51
655 385
363 375
91 644
737 618
856 276
784 529
748 866
913 179
364 91
239 921
723 612
732 750
490 641
165 919
408 692
615 611
999 768
305 796
507 658
861 831
844 563
18 310
407 143
140 170
287 277
913 878
2 135
404 535
638 656
64 500
908 167
177 171
72 991
399 796
720 987
735 568
945 324
888 353
196 352
324 189
43 905
292 851
295 620
991 979
192 455
771 382
665 520
558 445
405 423
237 120
613 962
834 197
129 91
441 345
444 852
360 263
476 74
340 805
128 157
37 963
976 945
99 930
9 398
926 451
584 54
640 248
916 93
683 314
884 329
737 29
836 468
730 883
358 528
114 80
399 246
168 496
419 748
319 911
121 908
717 40
575 222
613 919
32 310
964 455
198 621
627 263
332 409
906 472
393 235
711 415
952 118
667 941
820 53
887 317
200 842
762 772
530 254
600 320
915 410
204 897
584 551
835 737
681 139
595 105
773 699
546 563
619 947
843 171
938 653
482 769
784 795
778 686
966 55
967 266
182 582
532 805
644 831
258 110
593 849
524 853
852 58
139 433
567 593
895 100
805 844
12 272
202 275
530 191
857 533
131 674
745 532
31 133
604 329
384 326
721 547
222 752
427 664
949 636
254 161
241 710
371 71
746 25
943 676
968 19
287 845
453 597
719 846
902 282
741 258
47 698
620 641
905 198
2 606
209 2
780 593
160 586
693 464
309 39
186 274
354 752
815 877
642 513
846 865
405 613
411 744
233 678
643 965
811 11
462 921
892 86
431 330
470 420
623 230
346 894
636 83
618 930
371 982
516 106
402 79
574 905
811 297
778 690
1000 382
665 796
684 398
562 576
190 769
459 864
98 160
303 979
530 117
72 473
222 1
618 390
50 398
730 764
182 691
878 972
420 236
867 349
83 298
142 614
191 927
758 723
896 833
625 403
737 825
349 51
922 925
98 63
88 259
36 35
398 654
37 502
572 321
244 142
67 911
908 111
162 649
224 178
228 666
980 361
653 317
128 21
624 435
291 452
186 242
525 323
323 823
231 870
768 728
521 816
640 848
116 230
297 836
837 322
641 511
110 508
239 216
102 864
997 77
604 226
111 18
685 799
104 836
785 969
381 296
453 875
845 89
332 876
370 59
996 219
264 660
893 333
380 65
238 2
579 66
212 921
730 986
323 256
696 870
879 255
94 723
207 870
411 869
346 850
185 336
284 28
822 653
170 407
745 743
492 46
443 530
486 596
433 600
330 928
592 275
169 102
957 5
498 746
209 869
655 322
52 693
880 30
968 940
717 645
26 264
373 127
153 791
737 724
830 763
403 818
27 878
842 57
169 585
862 444
850 476
210 831
854 375
214 927
875 51
510 26
961 526
839 549
539 758
75 696
614 367
522 1000
24 293
704 327
772 686
559 587
806 940
609 478
149 115
812 213
614 73
907 43
784 446
168 659
744 125
835 326
276 602
672 612
38 631
205 158
652 993
685 660
526 680
137 56
436 918
510 771
612 303
902 159
137 23
284 322
795 529
507 11
99 325
983 305
161 378
273 864
425 189
463 669
372 966
84 690
13 926
896 444
706 566
596 761
905 244
959 905
999 716
472 234
808 521
934 121
277 842
647 796
468 987
566 660
937 52
187 565
761 408
279 29
502 206
675 968
342 615
36 822
878 533
667 124
904 794
62 614
838 391
913 988
622 542
201 962
224 429
294 597
153 871
118 777
690 134
417 810
291 209
2 132
495 167
277 270
595 383
779 580
391 378
529 157
913 766
330 408
23 879
707 742
870 790
34 388
606 812
386 265
81 935
558 83
997 657
64 659
850 288
747 374
286 374
566 473
441 344
81 833
234 353
931 349
823 987
989 463
523 7
618 442
393 814
346 214
988 777
630 942
521 554
759 590
834 675
63 215
958 660
216 758
287 543
901 287
636 362
46 850
837 973
734 811
972 868
20 361
351 377
392 240
734 954
661 480
275 157
647 717
942 807
113 298
882 514
19 160
406 608
173 811
854 98
911 921
364 922
551 390
365 367
39 754
761 602
450 614
84 489
1000 658
412 288
752 307
19 382
147 693
898 608
382 629
429 611
66 959
71 353
4 377
614 792
889 367
123 675
164 359
257 515
934 839
676 707
978 591
887 701
46 135
504 826
917 528
956 122
776 496
80 813
871 361
340 279
306 163
288 698
842 113
914 546
734 163
19 826
442 355
499 366
121 160
763 721
844 822
601 85
932 465
941 29
903 665
127 700
600 592
654 813
362 783
571 81
864 197
349 515
794 688
944 109
466 540
747 624
183 412
692 936
409 336
962 577
798 235
967 636
323 9
15 711
570 10
935 310
360 2
401 576
994 961
901 371
68 837
280 323
992 644
473 342
916 336
593 69
556 847
831 71
639 910
158 503
289 356
532 160
366 378
777 31
83 768
961 486
129 975
865 822
646 491
575 467
588 94
685 722
508 799
631 88
333 949
541 368
763 192
138 677
359 693
786 121
39 99
471 811
226 106
70 955
457 262
645 323
767 366
7 961
951 631
348 883
832 229
407 993
232 913
831 984
69 258
771 2
24 957
166 584
714 313
67 993
526 280
468 352
749 561
746 736
927 284
589 813
770 73
184 902
810 838
451 380
421 840
448 698
983 906
492 935
435 932
384 210
244 476
392 765
484 323
103 427
395 498
684 436
11 162
341 695
103 568
949 808
881 930
368 891
935 325
675 366
812 16
595 992
281 616
102 752
68 800
695 325
384 879
831 133
67 232
582 825
592 825
664 86
151 664
725 627
468 524
341 890
582 840
424 748
648 970
78 539
692 275
425 181
507 223
825 182
977 915
565 188
14 178
587 348
200 820
424 689
4 908
367 680
631 143
99 6
227 93
139 943
928 40
661 762
322 490
784 596
594 12
576 905
65 436
843 274
326 61
358 452
38 321
960 391
100 666
500 971
821 742
880 110
563 389
994 250
447 808
953 947
607 378
115 600
405 292
44 548
13 287
197 66
131 458
842 137
76 917
511 294
793 843
339 145
19 543
115 886
358 46
343 350
328 237
236 910
702 899
250 798
805 758
152 138
98 858
154 984
293 839
538 514
37 813
760 974
137 683
390 23
980 723
125 228
842 732
534 766
292 765
897 793
81 6
232 246
20 231
774 357
228 66
957 219
376 693
988 580
845 461
39 26
171 162
158 444
114 424
276 943
668 505
856 498
66 7
765 647
358 807
169 607
289 300
150 612
112 13
517 140
406 581
333 539
462 833
505 903
450 793
35 957
270 52
734 761
317 487
104 396
965 539
291 660
18 68
274 474
602 262
51 52
125 196
92 984
18 983
457 333
717 727
799 722
465 810
283 473
239 776
355 507
467 149
306 45
112 228
278 79
694 847
391 484
49 277
487 127
235 238
776 420
886 259
555 384
373 96
106 849
197 38
789 418
443 106
298 436
525 424
525 953
654 564
553 455
127 778
338 15
656 424
162 289
549 435
390 155
131 121
295 511
166 973
577 826
979 874
856 43
785 741
885 640
917 32
441 351
777 725
461 932
635 597
40 115
671 241
875 602
682 730
771 890
115 481
902 463
81 209
337 111
450 262
507 347
417 183
881 618
655 896
312 347
883 786
907 308
301 605
986 487
792 125
552 933
593 207
52 541
133 932
890 891
357 326
859 140
638 3
69 571
761 242
276 988
464 404
85 332
458 638
65 816
938 538
89 186
934 440
973 414
578 462
762 659
378 152
929 792
324 838
290 978
165 198
847 798
591 896
672 230
929 649
515 592
878 724
661 818
478 38
189 49
264 376
925 637
415 531
862 200
645 366
139 725
875 335
651 262
364 200
239 812
41 251
64 52
192 121
469 515
677 46
679 656
41 772
4 408
297 402
250 402
13 470
897 579
272 975
516 499
404 565
41 917
794 253
379 903
568 994
453 160
130 197
991 928
922 89
870 819
410 373
620 846
306 386
721 545
645 947
408 334
558 330
383 699
915 641
813 98
651 139
673 695
552 724
954 72
24 397
244 360
76 55
159 257
717 279
702 693
24 60
612 65
335 704
907 451
836 443
964 240
68 973
591 29
458 801
773 406
976 814
636 280
263 500
485 292
507 468
542 300
556 953
974 344
487 521
716 311
310 544
996 7
32 340
731 466
548 804
660 862
115 843
795 561
299 334
602 45
144 653
198 592
215 594
643 741
888 457
215 385
655 74
18 125
809 798
994 258
454 49
269 140
273 73
381 936
517 486
463 874
140 447
341 266
612 875
622 757
623 676
102 24
866 615
343 881
201 776
459 576
282 203
746 532
451 688
876 151
680 954
316 193
885 111
386 416
247 662
999 40
712 634
549 361
453 132
201 251
439 81
187 56
353 784
525 496
549 506
932 502
888 93
6 943
709 228
869 592
306 569
585 101
963 397
722 113
584 146
195 144
236 841
384 66
975 726
98 806
559 919
537 125
219 6
202 856
924 763
963 135
33 478
94 801
919 944
546 20
12 856
218 69
960 830
371 609
891 342
823 996
155 717
364 829
881 493
904 292
601 990
428 846
13 632
640 750
949 284
57 908
601 847
708 661
58 203
485 796
713 295
677 418
588 67
973 567
133 432
136 492
1000 747
415 602
17 415
843 23
438 745
972 369
995 976
133 847
420 179
424 54
26 278
361 925
779 973
93 255
799 407
785 333
254 434
20 590
572 115
468 500
325 429
680 180
679 958
650 596
211 330
763 777
289 532
89 874
720 784
917 410
793 100
940 781
246 943
870 74
11 995
949 617
822 489
208 467
426 534
390 389
176 49
271 642
261 504
764 943
25 989
967 667
128 466
639 317
265 223
284 301
531 668
214 170
540 542
321 336
85 439
123 236
101 867
526 968
798 877
507 250
811 482
61 799
78 743
407 503
389 792
59 627
13 924
820 92
865 893
114 651
8 100
648 613
199 6
352 903
79 604
743 709
874 884
247 794
195 871
808 410
558 554
64 186
378 982
386 963
369 569
867 262
736 603
164 220
956 80
689 619
118 783
934 592
931 690
407 661
453 58
371 417
616 804
193 533
404 897
166 736
480 103
387 725
232 648
106 225
362 119
552 475
914 734
311 82
495 817
810 799
645 750
797 999
763 789
141 559
901 857
989 878
297 881
63 610
694 256
372 838
328 921
572 740
278 635
10 205
263 237
398 960
682 731
534 296
77 147
719 740
557 137
209 27
580 62
655 524
346 212
580 77
985 571
274 202
833 639
863 284
155 670
532 31
534 997
190 191
502 765
510 908
562 889
872 161
629 625
674 875
269 389
821 232
380 392
401 277
256 560
223 194
802 118
976 405
857 188
252 690
806 199
611 365
355 171
504 751
122 162
618 879
142 207
91 741
403 545
460 534
996 659
527 48
481 370
154 264
342 641
681 25
465 934
671 626
819 391
508 796
821 733
329 183
865 325
568 628
309 846
952 659
37 479
221 18
915 655
279 374
763 995
148 563
554 730
700 609
803 976
245 269
959 933
235 491
301 252
609 975
582 446
125 414
746 4
379 597
918 827
354 941
116 828
983 198
401 57
147 456
422 626
775 186
620 610
582 576
786 657
642 621
372 580
393 985
964 256
678 530
901 369
538 605
543 716
915 173
707 463
33 140
307 989
34 703
937 959
55 791
39 434
172 721
412 96
820 101
397 756
473 118
306 844
204 194
207 685
298 139
232 286
195 513
581 439
877 37
429 564
265 723
221 690
592 298
888 881
619 515
658 189
643 275
113 410
829 36
248 639
467 223
198 29
143 948
3 1
559 124
361 561
268 427
311 327
837 661
999 218
487 390
399 800
202 306
240 705
151 367
727 208
358 177
734 58
516 615
865 67
923 623
706 674
448 525
269 561
328 243
556 459
577 992
874 34
395 103
993 848
30 177
119 627
820 662
875 549
324 293
988 860
404 509
221 432
822 223
661 211
24 136
237 806
524 641
128 277
312 114
60 720
354 501
874 586
209 414
146 393
19 109
113 122
960 989
522 892
337 626
138 613
34 562
682 102
810 51
961 421
959 918
781 626
873 721
307 215
398 130
607 49
165 110
645 276
683 993
78 981
835 698
909 415
70 933
786 490
350 437
161 776
537 897
23 102
135 616
353 908
577 305
406 197
102 372
527 679
537 675
476 153
573 293
650 962
80 902
236 633
510 104
274 858
666 104
443 177
528 121
932 491
292 906
225 377
188 619
154 951
603 588
464 201
346 479
699 81
497 537
137 789
662 935
365 989
362 837
383 937
655 555
896 138
711 441
427 16
513 951
846 813
726 646
132 394
208 16
760 541
66 402
143 10
471 681
518 450
351 407
872 70
191 318
857 310
333 645
18 160
303 193
105 714
551 415
357 771
632 821
852 622
107 965
817 933
606 437
454 838
333 891
482 23
688 854
174 705
947 963
916 846
593 591
302 571
300 751
282 878
246 87
653 813
583 44
381 883
804 318
108 227
936 398
274 525
424 162
266 653
636 713
286 712
590 792
244 850
763 566
140 53
378 536
435 595
609 172
831 805
979 14
525 422
430 858
996 587
533 939
992 131
576 450
371 254
443 221
172 501
28 881
93 789
349 651
499 34
101 314
447 258
430 564
681 922
42 936
837 263
15 639
362 775
6 150
889 712
284 620
216 994
626 941
20 22
100 452
410 834
465 61
661 267
574 548
385 512
760 714
445 624
545 825
379 244
492 230
201 422
459 316
790 608
692 294
837 859
109 436
966 577
22 920
282 654
838 907
134 908
722 581
536 889
385 851
523 597
873 536
749 117
135 495
934 9
222 271
668 253
562 600
229 717
624 737
336 288
378 928
69 836
430 331
697 516
256 974
28 354
443 705
182 683
257 512
420 244
836 182
411 283
965 848
123 533
859 924
145 331
273 286
934 981
224 332
558 801
541 685
982 762
667 891
581 273
598 657
323 545
956 347
461 659
118 522
681 724
580 494
85 968
508 966
818 295
250 741
987 484
988 91
555 664
383 515
884 100
119 761
747 484
987 277
186 60
3 670
703 625
998 183
620 765
604 26
661 77
187 763
132 669
304 637
107 867
493 326
901 751
684 241
600 80
938 356
955 590
567 339
264 843
816 776
346 971
113 972
720 180
494 323
320 546
337 644
321 287
963 856
583 547
964 551
803 995
570 986
247 312
691 578
485 661
731 325
648 783
322 775
961 472
981 917
343 915
108 359
860 642
972 248
26 542
887 463
517 484
960 271
479 361
654 7
268 326
787 930
894 554
466 481
136 720
141 33
360 142
278 154
670 956
378 894
491 181
183 795
480 194
652 258
374 738
303 674
292 177
619 78
782 564
328 357
127 895
534 149
383 705
184 905
581 286
991 902
261 863
448 526
432 387
270 935
514 65
54 782
880 513
699 455
251 65
940 811
832 676
989 274
581 249
189 926
408 219
941 399
802 823
225 574
889 535
565 596
128 89
536 326
257 379
556 121
479 602
889 640
376 557
820 518
492 727
167 937
812 418
299 113
925 221
971 515
536 100
385 584
151 661
856 961
485 471
474 152
366 426
281 61
564 289
892 118
347 523
851 907
265 492
764 440
838 979
741 526
895 646
308 406
844 64
682 103
521 35
817 952
297 529
79 634
298 511
653 695
891 916
395 651
336 582
435 186
208 512
959 631
167 537
58 818
644 989
248 412
838 415
127 172
369 748
207 196
211 129
728 21
430 93
268 72
757 150
300 953
448 844
913 790
220 224
992 777
330 352
594 981
171 940
813 373
117 152
444 504
927 509
130 139
283 939
620 912
750 803
771 942
703 375
261 708
889 977
673 652
457 605
333 242
206 64
46 745
272 614
78 933
168 663
285 570
45 335
86 645
358 670
306 829
720 463
685 895
688 45
245 824
376 585
105 141
194 173
410 926
470 6
863 597
555 172
653 724
612 299
670 690
213 352
324 591
493 48
845 347
42 408
868 12
743 912
579 179
889 632
553 556
437 665
665 958
5 421
890 439
636 937
247 246
19 249
656 695
575 276
989 498
655 396
900 37
353 432
505 237
892 495
531 259
992 745
207 442
446 570
979 580
611 125
477 896
334 571
5 633
136 744
587 185
481 384
644 832
460 801
541 712
691 231
804 398
476 207
331 724
405 325
335 4
597 721
36 105
430 232
608 758
787 723
357 941
962 436
580 123
614 271
88 950
814 957
83 181
589 579
515 352
684 345
922 354
656 314
751 467
309 300
555 716
922 405
889 426
86 566
351 975
99 937
704 581
101 27
428 317
226 423
437 57
742 796
751 38
458 667
668 570
975 942
797 474
121 919
765 326
678 583
661 379
989 798
77 836
481 859
9 252
119 201
143 979
318 193
251 46
250 434
460 306
479 86
672 138
502 925
903 521
183 393
22 692
691 263
393 456
51 228
27 826
520 445
614 909
316 192
423 668
299 914
174 738
514 647
734 506
754 492
501 125
411 365
658 230
400 250
901 419
960 450
727 964
619 839
231 181
841 703
572 215
258 107
870 980
676 149
605 281
550 698
843 396
280 638
64 469
675 343
732 924
953 857
236 563
3 338
421 975
153 97
118 523
659 939
880 998
419 226
383 701
187 142
816 382
710 862
846 430
775 918
159 832
137 663
154 543
540 660
293 796
383 864
133 739
281 400
583 397
764 977
357 389
802 242
342 315
381 287
509 714
469 797
833 680
66 313
986 454
345 502
864 918
702 410
560 447
926 194
177 961
159 689
109 262
860 578
110 33
609 966
833 458
591 808
617 307
721 285
514 982
865 769
189 368
619 743
800 987
336 607
786 226
113 190
900 110
655 452
731 610
734 327
471 807
554 233
667 282
854 209
339 701
183 628
166 354
585 28
465 887
961 874
193 256
838 432
896 983
24 786
951 117
553 177
495 548
405 268
888 704
945 271
835 911
585 864
785 358
128 623
736 500
588 621
148 610
130 53
849 683
746 972
567 801
202 643
150 163
408 318
391 207
548 218
175 724
859 623
861 437
168 414
996 652
651 347
159 192
91 651
383 550
629 826
25 164
944 446
393 648
822 435
971 855
73 656
291 297
794 656
851 481
465 110
928 642
675 143
968 131
769 86
128 90
293 816
725 797
851 590
873 10
487 810
660 168
823 652
721 974
997 105
609 625
459 374
461 476
662 284
285 174
488 454
589 32
682 834
789 750
25 657
835 352
782 409
273 951
829 642
212 644
490 866
198 435
131 502
152 955
304 994
263 921
240 212
442 880
555 594
264 164
526 188
450 723
913 124
307 70
239 899
627 913
593 609
796 130
892 571
897 141
848 185
645 419
635 283
562 640
490 294
18 657
991 463
373 235
411 450
876 246
595 358
61 414
174 103
645 726
408 491
63 661
580 513
660 255
799 289
305 37
219 955
6 68
774 609
650 595
45 27
690 336
234 84
659 904
42 803
701 560
598 408
153 458
381 303
49 169
489 34
680 469
185 985
495 252
315 362
559 967
440 649
224 598
177 734
654 920
841 695
842 728
992 293
780 102
617 88
565 728
547 869
641 248
211 872
242 15
632 379
63 15
893 364
759 533
750 463
834 890
967 589
603 187
439 713
726 454
481 943
703 76
482 320
53 263
19 139
422 68
330 248
378 128
658 334
792 131
355 86
701 492
812 971
544 425
265 664
817 987
527 80
130 518
499 861
99 183
597 156
985 186
554 161
244 527
106 552
718 60
889 455
924 322
310 594
197 256
198 91
861 825
308 943
856 987
683 749
525 194
879 853
537 524
117 202
746 762
337 656
645 714
885 213
908 44
107 317
585 812
149 944
704 265
383 280
552 365
166 961
188 521
82 4
654 858
220 410
811 601
650 681
79 465
12 430
548 328
568 899
277 150
869 180
273 643
357 96
324 383
388 143
997 551
157 137
431 606
489 713
27 627
55 622
96 613
171 117
329 668
68 651
587 941
470 35
716 271
608 384
555 139
904 385
152 678
941 922
925 53
268 792
180 124
751 775
367 526
373 589
137 135
527 406
696 914
678 806
77 677
8 436
188 382
80 486
189 220
190 879
907 837
433 522
717 614
766 426
170 763
479 375
74 415
519 717
648 450
890 29
710 256
987 909
70 995
400 251
678 226
376 341
169 306
210 734
141 140
973 586
547 929
876 318
413 469
131 795
723 213
960 225
927 295
178 354
850 304
233 306
803 250
81 799
434 587
37 843
119 842
999 486
832 713
653 501
750 587
182 55
993 954
764 611
737 273
820 701
513 211
13 571
881 953
55 684
205 127
998 260
727 222
826 253
403 164
3 958
722 314
711 714
507 488
968 838
283 43
133 900
963 973
674 168
177 960
15 480
787 379
91 774
312 89
129 613
978 182
209 439
527 325
473 458
360 948
622 44
824 99
985 475
646 492
616 133
377 663
584 611
624 688
255 658
57 997
817 479
5 269
835 562
360 594
948 371
731 613
454 140
790 618
481 290
1000 514
286 981
655 372
713 454
537 825
365 624
514 997
131 200
204 877
696 490
532 848
383 28
322 638
23 95
580 776
541 542
813 766
481 125
779 562
463 5
140 104
933 293
148 611
809 367
303 818
487 272
913 697
664 705
438 252
349 303
442 243
25 393
573 877
465 306
163 55
862 631
519 722
760 217
564 969
528 175
582 374
253 164
422 947
189 924
336 688
926 355
341 705
747 450
789 41
812 126
25 852
696 564
107 944
864 853
257 377
258 978
263 327
266 505
780 550
34 909
487 805
453 853
275 397
938 439
974 265
82 641
319 124
858 238
489 641
823 572
384 787
424 960
632 463
820 806
419 827
114 385
995 280
243 607
741 228
1000 418
29 168
674 831
52 127
551 103
129 754
424 766
721 376
575 109
66 175
87 583
954 31
866 390
189 147
688 734
545 187
194 267
838 608
183 818
415 493
377 828
578 165
691 382
529 367
948 343
625 198
51 575
661 886
939 636
999 900
451 882
829 69
213 992
403 824
311 235
451 656
382 888
435 853
244 889
500 227
368 509
838 191
714 121
700 52
775 498
279 443
580 560
304 269
451 462
861 103
682 460
903 262
84 807
186 144
404 207
847 165
592 931
135 41
926 716
788 693
828 694
888 153
154 549
599 757
402 555
475 99
148 187
868 714
150 537
890 910
137 686
893 9
440 377
495 477
906 122
135 348
789 815
938 427
445 617
366 469
994 898
188 760
116 644
36 140
622 138
632 602
212 554
865 116
27 548
702 141
226 858
331 816
669 988
623 341
545 214
696 102
513 624
544 426
925 739
998 923
658 478
218 409
682 488
574 218
297 14
995 99
49 989
247 790
650 688
92 981
202 181
455 34
994 441
500 434
782 950
96 1
307 466
454 103
829 105
389 728
202 407
535 443
300 520
675 556
554 595
633 954
26 8
852 412
359 188
839 630
988 300
455 873
900 522
685 268
552 479
743 107
233 230
509 81
951 126
357 141
837 371
140 741
548 250
822 457
861 365
789 240
619 639
423 278
6 250
618 98
343 95
868 472
93 647
413 141
300 10
860 346
76 457
539 995
955 438
595 927
119 421
546 233
929 215
582 747
822 154
823 759
242 48
171 116
671 419
582 890
219 352
94 652
685 515
692 289
592 917
318 199
597 76
840 496
470 258
713 49
716 494
754 185
882 962
835 456
85 169
320 278
448 347
346 566
476 617
347 787
41 476
47 82
868 738
565 401
455 265
972 437
387 121
936 716
993 557
44 807
417 863
344 809
918 461
61 340
872 714
197 116
894 735
922 727
59 383
871 500
509 275
275 839
166 768
116 491
155 771
687 486
301 103
432 410
951 45
827 227
116 26
102 29
767 773
430 497
993 840
650 763
300 627
928 777
799 30
894 640
220 383
862 954
993 953
478 931
724 575
712 31
125 54
822 68
359 464
394 159
362 555
860 318
206 856
918 752
142 704
218 106
539 892
96 514
47 589
195 342
488 492
473 344
915 177
892 109
859 284
163 505
66 72
29 372
213 407
506 387
952 25
290 896
810 91
829 749
409 593
178 993
973 526
818 721
195 914
969 587
268 321
783 418
457 264
26 53
994 97
494 988
740 988
211 230
969 310
715 278
19 751
719 326
590 374
303 687
131 886
405 379
118 762
447 528
451 469
396 338
549 276
202 641
240 596
137 838
597 632
638 332
840 259
90 686
771 951
612 879
828 316
101 494
374 818
6 819
559 557
428 225
565 544
159 339
685 903
462 256
768 697
798 190
15 688
444 906
391 653
659 389
419 732
369 281
9 344
800 573
398 187
21 737
717 876
696 877
455 252
989 836
707 563
527 344
592 451
659 208
952 70
476 924
419 907
648 863
654 744
953 192
251 232
330 713
539 535
578 51
846 597
661 772
810 206
189 3
565 344
827 641
661 885
593 615
781 336
585 599
277 529
761 374
448 161
670 780
106 581
288 538
71 257
581 436
624 153
879 819
790 192
611 869
311 664
170 869
136 557
512 884
839 909
715 643
129 292
297 638
872 818
780 125
375 844
344 575
771 770
165 575
590 789
153 95
504 453
768 699
635 115
822 371
230 821
59 901
405 113
998 16
67 654
289 664
481 715
148 213
390 126
971 885
864 131
915 739
242 185
837 688
293 978
609 689
149 350
902 116
928 543
603 415
877 532
242 757
954 879
497 200
224 512
685 653
778 49
871 678
124 41
750 461
91 208
556 894
596 947
534 364
155 575
415 567
517 869
151 555
78 633
282 694
63 495
194 74
235 634
149 414
240 276
463 666
50 748
90 314
467 460
677 321
109 895
511 831
408 926
597 154
469 279
610 791
421 404
979 470
689 911
781 372
732 742
877 267
170 655
666 660
633 863
886 123
49 702
302 216
141 102
790 241
112 282
918 294
279 248
838 9
841 315
737 890
650 787
317 534
528 443
537 643
790 95
663 455
300 815
243 367
15 820
714 493
407 928
533 792
131 620
49 652
580 261
836 175
128 230
326 761
903 11
580 148
251 630
380 850
401 819
646 811
85 643
629 530
778 66
998 489
506 539
622 568
225 837
877 649
588 508
794 916
81 262
579 406
265 79
901 58
207 807
707 359
806 361
19 169
4 947
374 175
104 351
344 494
345 91
535 538
4 66
385 960
411 64
543 811
13 780
201 564
290 863
735 51
666 982
958 278
724 53
933 92
919 153
418 615
644 912
661 399
904 829
923 203
546 898
653 990
511 360
268 444
848 650
387 278
689 906
852 66
800 493
322 865
822 622
219 711
625 632
41 927
637 933
249 860
343 574
469 879
590 613
202 362
990 451
793 773
645 812
377 153
797 853
689 884
988 160
718 457
150 373
203 779
462 11
822 315
182 154
111 800
537 441
104 690
980 563
802 815
475 61
723 275
814 702
203 663
223 728
725 774
335 718
307 661
932 924
555 459
204 315
974 307
868 786
764 483
372 577
618 377
546 10
105 330
553 830
128 415
223 510
812 329
959 10
798 908
621 727
458 525
76 204
26 969
354 490
171 224
63 470
781 871
565 48
275 190
800 879
415 846
807 932
114 381
355 125
946 520
669 987
160 125
198 485
421 74
545 782
998 928
769 906
716 241
312 663
610 536
4 181
297 69
246 96
1000 516
838 292
786 387
607 105
739 417
278 303
841 401
787 535
494 989
981 469
784 895
987 792
128 755
573 533
796 974
520 920
116 345
813 269
226 425
689 775
840 437
841 92
128 529
611 550
442 50
376 117
862 687
276 376
408 176
707 564
215 373
384 169
497 624
262 206
101 382
543 107
678 26
769 58
168 703
703 657
940 69
832 582
817 278
674 377
528 922
544 853
711 795
158 169
397 847
163 629
646 898
647 479
6 493
710 716
542 51
553 794
219 314
609 630
629 969
160 844
267 608
507 103
973 382
321 255
602 152
90 436
218 353
575 111
924 181
85 255
587 341
548 981
458 259
603 290
479 427
285 638
622 953
222 459
667 330
672 36
123 258
752 370
990 972
991 413
882 272
812 768
302 338
322 532
624 956
680 894
53 740
665 395
130 323
772 150
173 415
891 802
782 843
182 663
408 720
743 274
857 699
804 406
953 948
74 183
961 917
250 468
561 280
605 207
827 189
184 937
244 25
71 307
637 734
803 180
940 173
764 711
125 411
883 243
249 102
867 906
194 532
780 819
547 8
788 294
920 150
676 493
675 172
629 288
271 825
385 398
336 444
519 140
854 658
587 821
513 906
487 843
971 594
910 598
739 718
771 51
560 491
318 463
891 411
86 891
119 360
74 449
369 405
523 334
494 383
77 813
961 378
599 168
531 952
274 51
60 608
317 399
375 441
203 104
207 608
27 262
691 303
104 499
32 112
469 165
53 550
569 414
256 840
277 850
244 667
812 853
360 960
264 323
81 667
531 263
232 500
992 749
994 439
813 913
580 940
445 269
31 596
288 456
507 572
516 224
347 983
97 824
683 593
260 934
652 480
39 860
643 255
442 484
939 888
801 822
469 729
292 102
224 276
576 29
546 833
656 129
982 809
310 326
754 904
918 1
249 816
984 701
605 211
24 517
771 865
317 759
727 608
763 811
358 461
418 942
957 967
686 255
619 296
554 739
489 3
145 831
883 207
376 24
120 289
705 735
548 331
881 914
872 747
543 432
397 774
471 501
989 632
65 638
945 754
911 301
39 166
209 319
873 848
30 319
161 60
788 143
203 857
206 348
488 257
402 977
310 718
270 980
142 951
866 477
207 727
118 310
378 163
142 38
358 725
887 96
811 656
588 897
222 387
443 594
653 763
411 240
235 788
679 427
402 405
166 378
60 217
978 948
923 93
155 247
527 855
53 732
562 262
528 762
283 879
748 93
290 986
74 124
58 601
75 909
95 454
387 281
10 708
799 452
418 609
914 538
406 134
174 162
954 398
348 913
224 175
496 900
270 972
469 991
566 533
441 418
116 100
158 769
824 861
793 38
137 522
284 943
746 14
328 955
571 105
833 898
613 432
251 533
694 145
682 697
138 55
251 642
695 377
842 799
368 934
539 961
940 128
633 527
102 607
640 76
912 631
815 741
656 998
806 424
988 523
147 29
648 982
372 864
468 615
488 381
623 233
220 812
756 910
65 789
66 70
148 179
390 63
401 235
296 479
886 996
298 373
482 502
523 628
763 107
565 209
255 671
443 513
359 685
415 623
881 181
937 235
806 393
320 227
981 242
303 986
18 796
790 472
386 786
175 282
892 642
217 398
501 104
19 640
495 691
792 896
425 697
634 57
856 409
378 891
608 596
491 168
791 87
778 156
10 760
376 408
754 833
580 553
83 19
301 56
1000 942
654 580
384 396
240 598
573 396
560 565
372 115
871 107
837 23
487 354
129 504
883 361
846 287
993 249
546 619
697 403
819 933
703 515
907 6
250 885
803 505
718 196
186 477
149 215
797 715
286 80
613 733
825 770
111 37
516 159
647 73
445 721
172 879
253 584
958 245
393 971
264 669
526 725
854 742
86 860
620 126
789 889
333 269
225 908
33 49
513 847
644 503
169 913
561 635
985 279
877 993
846 612
830 425
243 721
686 973
947 719
216 323
169 179
84 934
263 917
394 836
852 967
321 905
17 909
948 338
877 148
240 39
368 108
41 26
100 563
952 650
142 427
539 85
80 862
154 509
526 333
912 921
849 890
148 608
316 345
430 209
680 44
607 499
934 609
336 994
157 716
486 24
461 854
805 621
438 78
3 575
232 433
387 739
10 208
194 533
455 862
140 595
941 861
401 853
983 132
141 887
237 994
94 885
168 811
405 962
561 820
301 625
379 369
161 166
510 697
518 154
276 849
66 381
565 853
68 257
94 663
935 71
169 636
756 544
454 833
996 119
561 534
583 593
38 846
795 577
942 784
783 32
535 933
648 893
596 659
282 551
202 715
561 752
677 510
380 466
878 337
147 819
309 580
929 741
948 135
352 926
338 673
725 83
213 175
507 590
484 465
114 612
649 887
942 716
924 303
763 369
856 397
505 97
413 971
386 986
631 830
800 340
253 692
572 200
240 801
874 416
946 21
141 245
473 669
317 532
525 79
818 219
862 272
876 500
399 663
491 926
901 817
774 577
390 318
652 37
603 561
486 151
913 535
737 203
127 407
244 493
828 575
928 992
175 889
197 977
861 362
776 1000
708 483
51 992
233 5
396 969
932 747
917 153
812 65
635 750
798 244
346 223
309 457
223 631
265 147
449 734
287 518
733 626
392 362
53 69
474 170
755 343
973 180
132 340
189 389
389 67
599 222
88 552
713 847
660 233
186 969
406 910
663 982
320 587
399 451
471 568
956 600
591 795
708 581
434 334
42 588
494 634
976 277
388 419
28 90
856 331
319 629
730 300
269 352
397 427
22 568
117 374
598 239
819 238
69 499
414 163
861 631
957 68
688 967
672 476
663 150
903 647
745 855
525 145
799 566
987 830
273 272
292 52
165 770
352 375
169 327
79 972
151 467
200 304
853 757
527 628
788 820
921 497
147 267
519 964
408 440
733 496
127 833
865 56
499 486
652 122
396 312
400 699
22 326
651 306
654 651
254 175
72 293
979 782
690 743
999 371
233 80
823 897
880 761
384 126
432 995
190 368
817 232
489 399
471 43
439 521
759 948
389 372
485 219
967 715
110 134
99 601
893 191
986 451
768 50
933 728
320 649
945 622
177 964
589 55
826 475
26 145
591 729
940 423
9 3
372 865
800 754
303 417
904 304
578 443
502 835
378 341
825 274
368 355
194 291
109 180
274 395
424 292
408 937
795 855
263 961
303 116
861 554
442 712
195 659
250 109
198 133
992 662
580 997
766 968
326 89
952 600
166 502
151 390
27 924
101 716
148 760
884 642
173 347
486 10
801 806
550 731
453 906
330 374
207 12
300 866
541 828
59 149
537 377
81 597
233 274
931 81
110 680
435 830
901 777
370 621
375 732
31 496
889 853
941 393
11 76
875 653
414 27
860 255
244 196
607 850
918 923
637 395
754 943
340 871
508 193
91 43
698 113
807 433
750 479
955 386
831 319
155 822
33 470
237 72
384 388
918 741
647 473
147 928
604 356
375 768
964 355
413 483
217 738
324 706
626 894
20 187
739 549
995 399
86 972
535 777
574 881
351 440
668 494
834 898
545 93
300 232
255 604
899 706
703 164
706 200
264 75
879 585
481 529
124 996
136 5
969 923
625 105
74 753
915 285
222 457
408 901
624 675
468 969
913 204
571 808
32 820
398 848
571 665
222 235
27 971
992 545
829 178
176 542
193 400
835 961
213 605
54 595
672 738
914 846
440 850
985 64
847 387
371 378
44 428
172 399
482 545
357 947
896 581
236 624
295 637
825 552
175 759
236 903
241 811
115 238
352 140
462 65
746 52
72 27
146 894
367 460
558 287
210 377
820 706
289 782
457 720
480 671
669 483
233 953
676 765
495 473
958 963
959 366
229 141
51 677
363 919
90 197
16 736
627 22
699 933
24 235
850 715
176 486
547 761
953 50
441 774
685 539
782 463
51 579
893 472
472 940
289 330
53 145
716 375
147 84
497 47
482 349
172 513
375 10
527 441
829 673
192 682
812 113
117 736
868 360
730 329
574 845
463 901
355 260
139 851
856 287
269 204
532 566
402 431
361 153
805 123
329 306
936 486
365 564
351 993
279 132
302 223
71 486
516 369
535 439
849 980
409 418
64 80
926 848
474 819
866 861
278 55
369 540
250 502
178 379
287 175
126 157
788 896
810 884
524 906
342 318
620 867
576 799
154 867
609 900
126 127
73 369
291 390
829 808
572 764
650 338
581 890
413 792
324 469
181 364
453 759
661 50
935 695
863 983
405 884
779 139
360 385
877 612
20 29
722 339
281 559
711 733
90 217
966 846
695 388
54 308
826 341
685 750
379 141
933 692
128 293
807 95
494 174
532 73
725 562
631 934
546 39
677 703
588 334
401 380
247 35
622 21
401 269
277 914
874 343
874 431
218 470
910 737
147 846
84 499
485 860
492 104
576 603
558 735
647 890
434 177
986 578
308 618
772 217
810 276
977 171
898 837
770 934
164 361
883 851
294 540
667 82
870 639
800 369
657 24
107 97
53 843
315 829
919 120
120 788
852 77
176 550
954 662
654 622
328 368
129 353
192 399
19 884
50 805
469 989
823 226
771 863
828 276
957 632
393 517
139 25
694 373
508 472
400 715
116 149
387 983
500 884
780 870
278 93
664 314
676 855
418 35
572 640
242 799
538 784
595 865
341 665
878 1
333 689
447 124
183 406
314 355
890 962
524 498
945 643
930 57
437 103
185 246
109 111
105 335
747 648
15 382
972 819
275 485
940 273
262 813
928 457
102 556
994 287
696 853
454 709
290 698
111 342
995 483
208 991
156 343
385 775
62 25
924 172
542 263
891 163
769 953
187 824
646 481
799 977
730 158
434 371
787 205
972 101
764 369
303 119
195 918
255 366
645 312
424 436
995 959
905 395
653 797
395 757
51 119
117 506
462 21
652 475
182 654
165 852
136 678
819 542
572 241
173 346
18 531
159 223
89 635
128 613
36 86
843 430
286 466
317 603
932 349
177 232
931 963
880 937
59 12
282 357
301 71
445 57
422 903
435 769
497 740
847 204
233 162
492 921
475 237
888 130
730 621
714 610
608 1
521 654
993 985
319 133
394 44
50 698
471 462
310 840
578 184
910 907
604 117
932 947
590 179
811 834
812 409
746 405
109 339
716 765
593 14
691 905
138 779
316 578
389 154
392 178
639 852
643 492
414 615
473 41
790 958
772 349
367 589
649 494
281 946
45 373
217 315
833 202
388 633
782 189
674 538
143 333
518 651
596 607
528 919
588 971
936 380
256 798
540 102
246 67
89 260
341 585
628 863
165 999
773 760
798 40
10 952
190 522
542 355
197 278
70 44
735 810
391 990
386 103
409 452
297 320
259 1
409 318
227 515
581 432
28 464
585 949
589 997
861 832
187 369
67 967
318 852
400 174
378 639
328 136
720 890
828 365
896 938
193 802
747 135
415 167
590 723
901 876
694 390
339 505
8 639
287 889
609 491
974 221
745 251
582 486
231 524
676 879
200 160
426 430
635 708
707 819
180 721
129 789
703 775
511 240
418 333
280 278
464 19
377 790
231 218
649 296
543 652
896 857
394 437
852 28
218 209
825 111
96 701
262 644
178 579
859 344
56 27
240 264
406 595
838 566
714 29
164 400
574 223
958 382
429 628
781 287
749 427
217 298
796 252
299 828
225 923
109 925
663 140
631 824
259 991
917 513
331 636
448 816
549 246
18 638
607 320
719 314
575 806
500 204
250 503
954 489
210 937
871 92
84 882
766 370
344 543
474 594
516 551
884 921
150 365
153 63
779 351
317 756
505 524
34 266
107 704
14 780
314 894
521 996
308 48
448 764
608 90
258 629
8 768
50 259
414 80
272 697
664 843
21 466
85 655
985 913
513 122
767 723
695 278
776 556
937 790
963 70
546 226
582 748
863 545
948 718
510 810
4 665
721 153
354 450
555 65
228 511
639 927
949 441
420 681
185 292
102 175
812 647
651 515
618 946
848 179
373 760
448 289
835 463
468 812
877 56
934 1
458 326
900 113
114 676
702 61
354 151
541 353
714 919
146 272
518 595
450 791
62 303
675 768
457 279
735 76
536 654
829 23
134 987
663 144
845 552
317 852
370 786
188 231
409 246
317 965
429 139
639 134
5 311
981 145
240 734
295 806
758 816
707 539
304 379
31 248
876 331
810 873
875 901
343 683
552 416
951 40
595 2
776 680
428 107
945 87
513 267
879 698
382 486
77 332
375 619
787 253
395 451
748 804
771 636
722 18
244 370
432 844
772 806
438 342
168 854
651 99
673 943
370 11
232 56
103 751
623 20
860 426
533 508
478 45
730 970
858 135
694 801
271 16
733 709
475 765
976 70
76 730
566 495
237 91
367 552
578 441
762 586
816 622
89 156
217 983
603 302
658 2
341 62
948 202
161 680
625 67
878 271
339 844
773 835
762 812
688 647
13 812
985 75
17 425
311 523
723 699
27 112
464 950
981 255
819 204
123 747
843 242
899 164
823 610
245 180
652 468
339 819
529 423
72 726
783 478
914 347
867 329
762 113
102 502
838 58
966 15
658 852
550 334
791 900
793 715
101 678
818 14
819 283
456 339
989 875
261 822
675 376
112 516
115 35
318 776
410 351
379 810
1 138
591 37
857 824
267 75
92 252
993 879
78 59
963 80
44 127
816 224
985 815
98 499
755 981
371 988
615 321
83 285
819 836
955 388
851 20
336 468
417 117
110 234
863 1000
774 75
689 599
816 861
285 54
214 132
551 831
38 982
77 962
342 56
215 810
843 311
445 801
707 402
626 94
630 574
703 166
657 522
1000 885
198 426
414 759
865 879
882 775
616 231
155 485
366 63
839 439
911 986
570 728
739 227
429 911
123 262
771 316
330 980
795 162
174 797
562 905
628 856
351 911
961 847
246 243
174 908
467 130
952 913
112 243
573 90
421 733
204 675
287 674
411 475
17 597
72 577
589 996
3 245
897 691
965 929
969 422
257 866
296 792
200 918
962 937
671 851
503 919
4 853
555 826
101 444
358 37
236 897
370 399
357 693
10 332
432 54
819 898
548 204
941 491
873 461
733 841
437 188
440 656
167 871
115 14
907 436
525 637
146 542
203 595
894 960
665 330
744 461
623 258
559 802
525 974
512 467
608 268
497 195
405 560
725 939
966 376
626 864
828 348
632 236
39 412
26 781
43 985
890 588
268 962
341 148
767 178
830 72
556 662
382 404
626 469
956 550
672 213
29 424
798 751
926 80
540 75
154 314
916 593
429 900
549 915
472 209
364 223
700 257
666 657
430 22
461 822
549 100
472 264
455 577
278 90
300 518
853 734
567 576
165 764
258 14
614 549
889 42
709 511
529 137
16 100
614 153
62 991
529 794
814 815
490 182
612 861
866 701
794 398
727 636
2 813
223 973
884 9
875 719
200 78
236 884
572 766
797 543
444 873
265 579
882 425
274 458
228 779
798 251
87 80
689 108
381 371
698 55
848 360
333 496
246 947
734 349
241 273
702 486
314 431
9 155
691 851
711 620
589 16
294 372
955 682
540 628
171 251
1000 81
878 22
661 500
111 429
632 636
562 879
277 912
27 329
926 409
322 263
112 54
661 726
482 65
692 252
259 411
867 78
39 991
407 243
504 616
188 507
947 38
753 843
718 999
814 442
411 357
840 849
508 935
344 196
914 372
999 989
334 543
570 72
808 307
623 875
95 450
867 445
26 199
681 44
857 759
243 281
914 534
273 422
443 18
425 611
971 746
656 225
767 45
898 34
862 755
315 92
676 115
101 66
55 22
519 743
847 234
975 417
263 37
128 808
702 838
940 975
474 329
992 390
996 502
671 222
893 90
207 229
812 32
135 269
306 221
858 354
396 895
937 881
665 258
759 550
650 86
764 856
