1000 4963
819 415
86 249
640 64
532 824
904 469
354 161
464 34
815 284
691 943
708 887
636 756
565 593
753 560
24 554
186 633
761 490
147 120
974 322
670 207
68 936
489 373
253 500
726 498
933 114
720 503
682 306
242 304
188 980
27 420
2 664
563 205
504 417
305 717
902 754
146 609
20 58
705 825
47 950
10 874
339 615
446 265
873 739
164 104
675 427
987 774
699 252
291 712
437 415
487 229
960 71
470 807
440 534
183 101
279 749
266 477
502 469
195 325
451 152
96 720
859 250
291 601
400 586
866 924
726 260
21 406
349 617
675 202
208 968
429 252
191 273
11 481
677 602
785 825
932 99
521 531
60 249
138 45
405 920
524 85
623 332
349 560
25 647
287 434
719 291
128 910
860 887
383 5
3 11
757 776
59 557
581 474
651 943
285 622
253 633
396 695
842 54
94 717
147 885
497 626
738 528
23 286
649 219
65 985
800 660
546 479
305 541
884 557
226 882
197 82
65 456
181 995
2 653
351 439
228 386
364 724
546 334
251 572
712 58
485 797
261 414
127 870
862 751
844 846
41 180
578 118
923 50
944 328
229 109
174 301
411 275
12 709
487 508
301 460
362 526
553 17
827 5
701 52
684 650
900 863
730 676
392 794
410 18
28 453
873 749
322 806
569 369
606 469
572 823
361 367
205 314
940 614
723 782
865 609
998 514
837 250
527 231
323 262
489 479
330 380
426 456
613 612
533 631
246 119
302 656
182 335
731 306
691 891
846 172
41 624
418 550
338 924
796 736
873 242
156 666
782 834
206 9
89 796
36 864
827 599
292 903
204 225
799 690
710 660
62 724
211 250
102 42
508 192
553 505
770 374
378 992
815 645
689 110
710 430
747 432
729 861
624 811
329 100
311 529
212 616
244 225
939 963
905 444
137 119
599 852
47 11
503 597
217 897
663 91
827 162
422 655
338 45
52 445
532 611
821 379
435 785
629 867
296 585
208 150
207 198
652 772
599 527
135 744
395 399
987 866
806 943
236 803
133 213
607 828
276 506
96 571
591 725
137 596
864 822
578 819
268 839
140 12
602 867
141 752
532 224
625 514
368 790
112 475
23 521
521 369
311 222
83 832
820 377
636 985
585 601
692 859
305 495
307 511
527 976
850 122
863 840
934 808
224 84
296 673
372 152
635 236
390 160
234 85
362 942
953 180
610 111
956 71
629 679
316 953
575 959
119 818
167 415
708 381
860 948
819 956
107 43
587 478
678 444
39 679
685 91
829 458
946 958
102 786
453 890
140 510
285 739
987 744
767 931
777 600
186 498
973 694
23 403
276 460
865 13
194 905
32 846
969 54
715 451
212 768
57 749
646 985
227 230
262 982
299 856
359 541
684 308
490 297
714 322
195 680
537 912
610 102
169 750
488 231
471 304
649 546
101 881
785 859
763 588
603 582
433 191
307 632
74 155
962 6
187 646
60 768
610 915
685 84
668 12
797 570
357 552
11 109
820 836
640 416
913 774
497 540
937 943
457 454
295 301
939 156
478 552
137 796
462 358
800 806
303 985
800 503
955 280
538 12
577 511
721 338
818 963
549 550
514 456
144 355
183 727
241 372
383 451
646 99
491 202
492 820
524 689
491 737
356 600
645 315
394 893
913 878
328 111
398 726
293 73
888 754
278 621
199 136
301 836
230 6
693 578
970 303
18 976
882 70
111 392
612 534
846 981
169 117
759 268
464 307
282 294
564 270
486 709
933 181
567 676
288 891
382 79
434 846
886 122
852 190
119 2
84 733
140 210
605 983
605 386
289 425
591 554
928 652
857 840
246 387
858 745
16 408
668 152
979 881
820 684
99 557
991 111
869 511
201 601
890 741
211 12
572 331
622 79
914 254
998 333
645 713
540 671
933 544
781 198
302 371
450 264
307 868
703 421
721 568
97 819
167 304
649 49
902 941
668 892
979 896
675 172
322 315
804 288
473 189
747 682
901 272
258 818
81 810
759 43
100 431
689 43
484 974
548 250
305 825
533 735
888 415
702 856
595 266
632 512
939 908
672 691
302 854
410 687
359 803
984 840
999 983
715 677
310 347
376 997
666 630
538 675
668 790
423 818
382 439
621 978
613 152
989 91
788 626
536 384
520 962
933 462
492 965
687 13
214 816
157 136
123 469
289 717
113 511
213 141
594 208
312 88
524 862
543 153
800 41
145 355
68 756
144 589
309 60
183 851
259 985
478 32
145 101
462 900
657 769
107 547
309 420
610 758
256 389
656 343
242 841
168 892
760 321
207 403
635 348
746 892
104 207
86 702
639 444
876 495
397 151
457 500
610 698
846 601
322 754
281 556
284 808
781 550
194 448
413 972
305 195
434 339
89 737
643 541
818 627
59 611
722 481
617 963
602 372
358 925
949 603
821 918
418 363
492 423
427 175
562 751
791 738
354 919
565 294
632 963
10 686
735 890
324 2
566 257
875 333
515 740
16 851
898 81
954 50
992 353
25 798
245 213
579 150
137 143
525 921
340 756
296 236
714 844
685 183
181 227
515 200
19 908
936 787
494 90
245 70
872 573
112 748
746 323
820 974
289 735
125 774
87 947
74 677
201 315
539 469
187 248
23 171
208 675
989 131
559 512
344 371
893 982
359 83
903 629
932 694
674 340
221 110
994 952
760 480
613 898
946 823
284 434
577 491
624 319
404 522
637 865
903 882
351 958
675 915
51 470
582 60
87 428
23 224
148 881
720 402
849 623
441 522
138 324
708 243
50 111
585 53
900 38
605 511
780 675
515 350
231 7
958 534
80 794
990 4
174 643
807 380
715 669
757 582
604 894
18 919
113 968
216 512
205 930
25 676
650 330
261 102
227 938
742 38
838 864
583 114
968 105
34 672
842 654
273 352
226 197
879 38
944 242
945 196
176 332
366 840
730 24
487 174
549 959
548 905
235 78
883 400
645 562
919 29
25 38
516 297
368 144
161 105
287 930
145 314
367 847
583 241
723 885
579 424
502 674
13 824
952 315
915 177
950 783
555 547
147 718
27 873
355 924
637 952
56 774
158 595
564 73
350 752
18 801
845 651
455 835
538 213
989 287
926 233
779 741
299 776
191 752
928 147
703 271
305 158
641 143
91 551
94 817
719 7
222 741
316 896
908 193
763 105
749 673
753 456
502 635
57 49
312 807
276 472
8 854
226 318
284 931
284 360
853 830
565 324
17 611
36 662
92 347
510 836
811 946
973 671
172 232
86 745
639 7
597 863
221 319
864 653
781 741
813 422
779 855
814 570
356 313
341 75
641 733
821 652
991 81
257 609
323 623
205 694
207 694
317 399
448 402
301 856
871 314
781 14
642 372
164 603
199 633
354 670
95 662
578 150
775 560
558 832
524 880
944 441
379 969
267 172
730 268
568 479
626 444
842 997
689 380
590 383
466 855
61 62
63 560
119 630
407 733
191 272
907 547
486 565
674 810
782 571
713 477
696 259
329 811
273 214
916 723
666 679
723 472
624 733
941 768
429 406
820 119
410 934
446 394
216 380
491 30
590 755
289 350
799 777
722 292
515 763
247 323
48 315
68 249
675 83
287 322
948 520
382 836
570 717
165 151
919 807
39 642
150 387
247 496
636 862
638 739
112 439
703 303
369 66
382 763
892 772
80 917
853 459
68 117
584 230
361 147
420 765
993 843
866 755
617 596
918 703
371 550
603 883
356 9
533 420
990 255
333 896
282 621
815 325
610 53
249 604
565 883
541 678
968 867
398 330
327 239
388 751
44 556
464 450
835 213
446 651
430 193
587 628
78 493
346 369
346 938
644 501
274 264
922 418
719 816
408 810
243 917
391 885
506 308
910 133
896 185
845 252
510 98
718 120
629 232
993 897
261 281
210 102
321 105
712 764
960 646
587 783
752 403
273 782
182 192
51 611
846 363
568 417
132 71
758 567
301 796
823 243
637 233
323 810
33 91
397 986
987 467
606 477
910 656
366 908
844 927
760 418
117 688
463 932
852 114
545 811
712 986
504 863
443 16
199 942
57 267
37 105
737 377
587 213
84 80
44 877
649 853
820 302
597 119
320 205
1000 426
34 863
966 994
142 276
913 765
169 805
43 185
722 715
941 213
564 621
990 544
657 83
34 924
168 836
419 183
973 15
369 862
846 664
425 220
689 578
599 480
379 683
379 222
773 243
631 710
636 30
355 236
410 148
525 760
123 280
195 887
587 245
141 751
473 889
383 273
208 352
342 430
228 867
463 393
690 520
127 35
613 796
413 282
144 786
159 810
933 30
517 132
554 670
919 528
413 243
759 465
482 319
211 337
672 973
703 681
858 839
929 631
321 330
129 454
865 297
22 669
204 733
722 264
5 924
872 421
727 562
729 330
15 429
182 983
101 48
169 829
293 70
187 975
993 880
117 855
948 586
226 236
453 349
964 520
230 308
31 813
412 801
179 99
492 784
197 986
717 459
719 208
904 900
427 560
102 242
502 247
712 87
859 920
217 388
55 834
895 335
229 150
316 15
962 387
838 396
235 530
567 141
714 323
438 542
165 894
611 335
849 424
4 444
207 664
907 759
156 509
545 845
502 401
18 898
535 111
714 588
398 294
216 568
350 575
362 521
159 824
62 260
797 100
47 517
304 429
341 749
566 296
90 943
192 257
244 83
271 445
638 855
109 467
790 345
157 267
397 679
625 377
990 51
55 859
994 741
901 87
485 933
753 66
763 794
412 420
527 920
252 254
72 500
745 189
879 660
149 818
203 105
495 736
811 163
759 745
273 682
135 30
853 159
104 61
984 407
802 567
843 530
402 517
455 994
404 528
757 110
473 298
613 575
368 66
546 841
672 756
910 851
268 698
305 384
206 678
473 844
935 889
534 275
425 754
810 654
46 978
301 9
139 370
360 400
485 578
414 582
327 133
94 865
908 700
516 905
442 628
955 878
462 36
10 493
140 392
358 469
729 743
912 927
640 710
89 832
953 539
695 864
809 817
239 306
723 104
27 284
463 79
174 605
511 889
909 556
253 551
567 48
878 709
883 656
166 193
321 674
759 344
27 752
212 970
66 941
210 118
342 646
235 943
760 856
242 954
474 550
391 847
712 695
412 752
696 593
677 529
469 828
164 676
935 967
224 460
353 168
515 585
872 957
300 260
597 560
228 249
305 208
750 375
34 964
842 834
147 136
582 499
556 980
408 562
344 421
764 151
138 646
692 225
693 157
142 653
771 73
330 315
538 817
486 236
194 797
815 686
989 683
499 778
378 441
563 324
821 564
715 622
720 970
433 629
648 897
918 588
634 163
63 847
909 892
90 766
779 38
509 248
127 825
76 829
949 426
187 770
773 706
759 434
745 442
126 141
545 248
485 709
469 192
858 952
70 459
127 115
643 234
717 79
147 836
757 669
577 370
283 264
665 811
301 338
466 681
841 389
912 249
5 922
27 653
41 959
771 517
538 335
296 878
649 320
558 319
254 501
202 600
138 967
412 234
802 885
808 364
142 775
657 348
327 946
437 158
682 679
873 457
838 258
955 772
795 555
781 409
262 633
564 687
104 304
216 853
636 695
732 755
254 748
489 890
932 615
369 43
627 700
699 404
535 563
850 207
334 452
672 999
876 178
821 735
971 628
379 944
276 324
811 568
59 959
39 822
977 155
448 348
344 765
136 297
729 432
837 959
896 789
405 641
308 131
181 955
553 226
106 803
813 869
1000 936
442 779
240 472
310 159
414 774
590 982
812 642
541 92
744 88
10 75
251 322
415 851
116 200
590 653
113 63
369 322
295 94
499 601
594 140
693 200
871 273
871 220
702 700
349 942
378 870
732 633
508 454
16 711
536 62
437 628
781 863
354 617
918 315
905 725
230 801
429 143
692 254
180 608
16 897
788 156
493 114
850 742
828 608
549 236
886 353
784 620
340 653
565 409
294 150
236 908
753 841
274 249
142 156
77 185
975 53
801 331
896 79
305 99
144 661
719 87
750 213
110 654
492 189
378 314
168 80
646 943
632 514
412 885
101 457
152 986
800 960
855 938
24 954
108 365
734 713
716 108
113 894
3 190
351 155
430 163
109 266
860 582
112 849
464 383
707 461
818 248
761 592
17 84
515 725
439 76
59 852
603 431
206 373
693 177
852 709
462 340
598 362
374 959
30 120
287 449
141 897
236 495
843 337
993 300
97 855
333 409
8 427
651 297
603 173
873 370
913 67
720 724
480 200
543 387
850 660
784 616
266 232
468 940
549 837
305 677
953 101
618 628
478 29
577 818
274 767
579 799
893 557
778 661
603 229
665 684
626 62
58 787
178 885
750 208
408 894
983 429
282 859
228 358
909 921
126 937
307 849
626 964
307 107
148 445
494 986
247 65
11 568
160 968
68 833
178 132
759 367
553 762
29 280
729 107
720 272
994 979
591 567
543 390
563 63
116 597
546 798
394 818
605 353
612 604
149 779
77 798
904 422
670 205
395 752
22 830
200 695
865 983
520 608
405 925
389 654
104 862
33 915
1 428
35 550
859 389
453 865
821 563
573 58
223 607
921 689
719 775
119 851
853 631
907 324
111 855
965 816
442 931
361 483
199 45
935 615
123 723
230 529
998 434
227 444
210 156
999 522
121 527
566 330
715 83
92 152
705 534
903 90
192 377
928 654
395 890
182 108
663 7
806 867
821 854
310 679
585 236
791 314
667 389
540 141
423 934
27 994
359 233
799 223
415 198
718 880
384 155
223 905
919 161
942 967
581 472
58 444
378 790
784 315
73 260
882 917
827 968
3 154
169 211
760 405
557 501
775 322
826 628
277 257
371 504
670 609
747 452
692 534
507 110
877 163
625 541
277 539
974 952
43 317
390 578
545 70
229 520
729 84
270 628
750 9
309 551
311 432
702 347
382 738
190 399
580 422
620 474
527 297
108 134
453 851
66 968
793 761
25 1
957 920
338 818
321 477
446 313
504 288
305 273
89 727
128 705
573 246
382 257
266 841
973 568
649 271
207 99
462 409
374 752
585 738
782 38
345 653
182 882
592 634
394 432
367 880
890 130
478 903
216 123
244 184
379 951
583 78
596 724
515 141
37 38
935 481
774 618
80 130
134 611
663 841
357 431
468 745
537 585
852 893
386 101
888 600
426 671
722 864
483 834
721 507
194 860
140 717
52 927
734 834
553 169
863 634
261 157
539 848
494 556
124 500
133 442
137 593
689 108
84 296
998 571
875 495
33 931
178 350
90 979
473 887
20 589
212 608
899 450
223 360
44 443
804 222
815 628
412 841
943 917
949 829
253 406
625 341
933 20
554 270
720 469
113 441
645 416
955 390
39 681
924 851
301 512
450 775
750 138
722 761
827 21
21 214
242 75
25 19
188 617
635 531
300 115
780 280
704 943
249 621
840 136
808 967
453 411
570 743
183 891
292 543
52 656
658 143
478 88
904 15
104 643
239 496
450 124
987 661
17 394
148 190
901 536
422 352
885 254
961 360
10 622
462 975
895 762
488 572
800 501
675 530
328 133
914 756
555 397
89 826
556 687
564 612
694 762
640 581
211 336
691 103
356 134
875 841
569 870
436 992
696 863
702 906
846 736
210 154
597 321
979 855
49 848
582 336
216 962
478 635
271 982
734 130
402 867
849 892
759 860
263 571
44 103
428 198
394 114
253 908
400 656
784 823
735 121
511 189
386 856
848 915
685 287
118 257
464 908
818 887
730 411
276 259
966 989
532 344
935 493
935 987
827 377
15 198
940 883
649 983
675 264
687 422
781 519
446 927
649 29
753 667
112 237
27 726
721 498
939 327
814 362
190 847
121 580
194 274
44 997
837 977
416 792
660 385
493 155
41 509
518 633
97 711
388 342
694 792
212 574
998 556
103 54
853 867
875 620
309 85
950 643
574 779
590 426
594 12
697 118
672 440
800 237
413 160
452 560
799 975
901 86
878 481
474 1
644 377
147 963
717 680
520 561
886 956
27 361
229 136
708 85
34 509
691 989
820 754
345 198
974 185
221 611
208 125
668 150
453 365
636 341
182 491
77 853
170 258
922 399
969 409
401 53
378 97
876 826
497 888
127 931
613 541
483 905
355 988
321 220
174 238
603 904
395 207
515 197
270 151
164 976
933 8
343 399
55 740
545 482
115 393
463 658
597 320
356 522
909 986
656 459
587 189
237 870
203 986
368 654
334 99
319 501
395 71
640 1
90 120
322 143
433 667
126 738
419 886
278 396
960 152
157 364
47 522
871 921
285 129
195 850
180 105
858 72
340 694
130 655
96 750
993 523
705 1
689 644
545 117
984 701
714 644
594 987
384 952
520 234
204 627
868 141
83 975
541 556
338 6
178 969
361 447
489 114
356 889
63 925
36 321
737 180
68 934
425 586
776 451
973 336
672 239
157 499
947 887
272 516
164 80
490 7
884 711
610 615
886 743
360 975
815 681
598 220
467 330
21 459
890 962
253 475
625 146
715 679
289 332
331 93
123 766
204 539
78 158
10 70
446 552
729 140
730 2
90 808
16 66
957 420
305 319
227 878
987 880
503 702
640 725
434 556
606 85
255 9
238 557
3 980
940 998
112 562
487 140
728 963
760 70
880 377
915 151
516 500
129 542
97 609
757 120
957 219
812 757
730 303
599 223
216 935
32 244
21 75
553 438
437 328
111 417
921 698
299 148
300 798
728 172
695 560
138 522
90 819
144 306
734 589
697 631
383 124
68 13
538 731
341 994
44 735
215 322
545 364
191 843
590 826
955 139
591 905
83 586
599 402
802 794
807 417
72 622
469 756
219 180
722 484
224 313
921 325
351 805
778 428
86 434
287 823
566 840
643 870
900 482
125 946
239 46
811 428
443 707
831 490
119 985
689 882
88 733
569 804
950 428
515 202
241 967
234 741
778 12
278 804
872 915
301 306
563 726
47 323
89 744
255 63
516 363
708 61
443 929
281 369
689 92
528 836
486 266
215 887
842 562
719 610
422 306
738 739
886 358
448 451
68 481
462 846
233 338
613 5
677 254
788 922
285 833
113 934
256 986
22 470
640 890
97 414
961 336
194 417
782 294
286 459
382 35
569 155
327 560
230 348
41 229
791 390
435 21
558 119
414 304
270 550
659 467
221 521
973 207
259 372
939 861
246 563
725 393
448 709
503 208
54 65
238 215
495 634
497 169
886 707
540 50
63 424
263 207
139 318
322 114
235 770
827 710
242 809
717 742
301 493
901 20
831 845
814 196
502 843
845 498
638 786
642 917
684 673
900 870
191 453
11 412
927 79
251 166
89 7
125 790
819 695
842 469
436 396
732 346
478 115
43 15
68 560
689 78
103 835
716 302
537 767
699 476
224 883
777 739
181 977
543 568
229 494
988 959
934 84
838 773
532 168
914 671
128 160
511 94
883 33
149 882
520 634
351 490
362 50
743 46
484 675
319 342
773 250
860 713
489 853
811 917
944 902
719 1
119 384
735 794
868 706
251 776
30 580
987 770
24 594
860 121
879 719
328 751
857 350
539 887
927 711
961 76
908 589
618 752
999 358
103 429
217 236
914 519
471 803
549 367
457 76
442 192
925 495
802 740
530 417
140 520
17 754
35 239
255 509
111 600
809 500
993 570
926 584
869 658
407 567
817 372
251 199
17 824
981 575
109 29
405 82
757 460
94 267
176 459
413 935
729 734
669 808
880 260
933 337
935 429
258 75
486 57
979 395
759 20
852 938
157 887
394 84
986 71
109 500
436 464
993 144
818 270
421 542
124 952
545 381
643 646
84 824
436 408
69 465
927 686
581 325
625 161
953 300
5 762
310 676
632 237
351 919
979 406
564 658
686 190
584 112
675 452
821 365
841 500
917 399
497 809
230 724
704 825
212 820
301 218
800 402
912 188
731 16
839 787
805 372
697 782
771 115
682 1
448 494
77 958
443 962
5 823
923 348
212 383
599 25
379 960
32 635
838 778
911 888
164 774
271 98
328 620
564 465
295 710
142 453
334 205
872 105
485 883
472 428
255 596
226 330
2 571
276 206
521 172
939 205
812 597
210 711
66 83
839 859
400 982
714 711
497 684
858 832
922 200
326 543
629 291
277 638
732 285
844 324
262 311
778 596
446 229
528 724
285 57
633 220
72 592
267 350
423 325
398 758
64 560
354 979
480 282
260 755
137 559
5 457
32 280
450 107
625 712
72 959
344 900
255 972
875 220
104 736
612 387
499 151
923 450
814 738
430 381
858 466
216 9
641 120
784 148
900 556
769 98
796 822
379 807
162 854
344 674
933 928
437 70
535 411
684 380
849 14
940 790
961 447
215 932
947 892
357 320
287 905
753 61
916 404
138 681
974 536
593 724
366 920
598 818
135 917
525 912
408 854
693 38
272 152
438 736
292 171
402 330
295 259
704 187
116 78
117 321
596 938
715 807
782 985
51 81
246 656
309 552
844 229
493 977
718 65
799 650
228 696
146 627
693 850
37 280
90 242
382 417
164 31
538 500
519 314
814 345
914 962
1000 330
357 312
949 617
953 622
209 980
365 883
497 538
913 726
868 449
814 200
210 129
302 491
675 847
413 359
414 15
566 664
201 756
148 981
40 822
821 594
166 767
226 724
152 751
390 894
778 367
320 198
833 915
360 711
506 832
287 38
365 586
644 542
428 664
721 367
761 381
797 796
955 953
941 866
102 669
214 315
886 975
107 738
410 277
753 737
954 866
486 569
525 859
226 822
499 76
229 347
758 439
584 507
657 475
771 125
144 50
127 490
914 458
366 465
77 279
150 120
995 118
597 150
812 441
361 854
140 6
640 428
407 764
471 686
293 847
793 903
84 863
728 831
838 196
749 332
566 770
899 566
256 54
936 641
919 214
135 657
924 131
337 607
291 816
971 348
195 585
605 962
72 178
928 610
181 731
540 328
574 71
799 702
704 796
535 13
728 605
482 662
69 208
568 593
436 546
757 99
850 16
104 71
432 372
58 171
396 407
940 936
3 690
418 100
873 839
793 961
183 420
739 943
21 628
10 964
941 376
42 864
619 968
998 700
859 915
730 447
453 686
537 155
59 36
993 617
760 794
863 360
640 156
804 202
879 662
491 561
73 501
993 364
629 694
761 581
886 401
852 628
36 349
688 315
636 712
675 552
730 328
354 985
714 14
92 219
972 880
241 250
77 265
421 71
586 399
705 449
228 907
135 425
513 450
68 391
379 84
251 601
182 854
455 248
221 756
666 611
168 650
850 337
8 308
262 483
7 243
299 826
44 724
69 853
582 621
626 82
622 692
937 806
222 198
186 943
704 310
812 559
997 671
318 825
528 100
89 216
417 46
2 234
700 501
115 655
921 92
170 948
585 99
635 101
873 869
174 457
488 816
126 745
36 29
878 892
129 88
519 431
188 267
23 700
746 250
801 420
328 339
492 452
383 248
365 48
610 345
573 323
638 750
44 842
360 416
547 376
782 956
354 180
293 963
346 769
19 157
936 801
259 823
810 461
186 950
705 177
395 897
564 510
34 268
162 313
749 787
643 528
18 744
241 283
684 163
116 176
299 71
579 962
934 15
451 630
312 542
640 25
895 115
455 403
737 881
776 810
278 388
485 388
812 836
944 122
563 813
583 572
196 159
859 841
783 816
272 242
698 185
366 811
24 627
503 749
795 155
635 750
690 656
745 98
886 19
567 866
567 297
401 706
748 772
991 962
443 805
776 689
391 445
780 872
876 975
182 578
963 105
40 55
999 155
941 517
265 252
886 752
244 775
512 832
821 906
327 362
329 31
645 220
204 956
842 310
188 755
599 868
101 190
446 12
728 883
292 628
267 683
732 907
533 425
552 33
515 183
144 777
419 417
55 776
224 711
153 551
480 689
302 719
963 755
582 141
750 660
659 10
950 426
382 103
292 446
535 338
224 476
149 974
293 647
301 312
109 225
284 93
291 894
149 829
936 105
476 290
60 500
40 544
5 277
401 813
190 787
911 257
711 616
587 493
453 30
555 561
446 887
242 185
578 232
944 104
283 12
66 948
140 403
346 596
470 996
17 88
401 803
642 995
536 215
785 829
96 297
22 476
631 294
450 698
190 297
319 193
907 912
912 774
317 959
894 768
862 67
396 790
351 15
685 848
994 724
888 769
858 715
125 472
23 187
914 392
951 70
366 994
699 988
3 187
974 157
96 843
261 542
974 411
127 245
999 175
729 989
103 385
31 420
821 924
697 243
346 963
181 637
916 331
555 253
386 663
793 205
759 782
813 242
462 917
139 885
504 33
140 394
305 475
472 917
16 530
901 399
20 954
22 184
298 676
922 161
361 45
320 601
51 475
569 812
859 432
37 570
793 577
831 355
190 377
126 985
300 206
729 714
345 829
823 421
971 171
468 970
276 469
408 21
722 462
133 338
246 483
780 472
323 85
249 658
910 705
186 424
586 980
914 73
884 802
737 925
682 445
22 970
629 978
722 20
109 477
203 80
799 774
14 146
31 680
582 552
949 406
291 567
473 952
791 866
647 563
505 875
689 310
783 713
229 512
603 997
412 557
932 449
361 600
813 45
24 448
334 479
814 304
47 107
708 690
747 322
86 250
424 787
272 508
541 988
901 943
117 869
365 409
1 512
63 67
726 257
49 347
525 874
31 426
860 323
400 454
878 810
790 152
775 679
244 725
334 260
904 523
245 11
602 130
554 2
434 742
879 1000
831 506
590 655
984 284
265 267
519 22
171 985
763 256
597 397
617 908
753 2
398 295
434 483
324 787
933 907
539 985
573 917
888 4
923 208
227 767
871 626
580 370
497 87
790 288
629 504
223 348
723 434
928 440
502 696
858 128
966 417
879 896
979 626
361 745
690 442
68 498
47 652
443 491
635 862
377 501
658 180
400 332
823 772
537 829
772 980
684 513
96 890
405 480
245 737
389 652
284 604
161 143
587 247
563 541
970 654
202 91
516 758
991 345
276 741
902 962
374 373
410 946
914 726
125 508
108 482
22 620
423 333
631 717
208 642
137 503
928 454
235 103
675 60
400 308
754 894
166 271
441 841
886 725
740 736
173 236
691 70
305 60
622 83
695 792
480 64
842 678
293 152
775 397
441 698
220 627
624 595
800 15
470 319
898 687
285 870
684 655
866 372
703 263
688 159
666 152
708 210
910 562
17 961
749 656
626 839
542 393
701 290
812 235
336 249
210 840
929 995
64 570
969 397
697 16
388 148
695 976
448 367
574 439
494 350
423 862
553 806
61 52
203 381
192 370
928 647
127 260
178 240
89 315
363 180
951 559
823 794
124 618
913 694
574 274
868 673
158 297
45 608
283 986
116 500
418 185
859 46
785 967
201 802
164 178
827 25
477 618
538 92
518 853
426 239
979 834
34 390
545 166
413 952
197 952
201 503
719 337
39 692
850 480
958 769
704 928
64 399
147 655
885 146
109 816
590 332
793 187
540 673
27 438
246 75
671 867
139 338
255 604
734 460
191 394
96 504
476 49
39 335
795 11
423 417
369 953
27 399
725 151
984 15
691 591
568 153
513 616
56 952
992 554
142 844
421 155
595 609
482 964
780 168
619 336
132 751
753 583
899 992
2 744
40 73
383 341
35 620
503 999
484 378
411 10
693 37
490 474
532 861
92 314
856 959
912 981
974 125
603 491
562 749
636 17
174 705
123 757
805 4
624 323
988 252
200 725
990 609
310 837
675 683
611 607
899 889
227 252
665 844
10 1
466 242
126 88
971 678
790 803
899 47
491 829
969 144
613 229
652 768
979 848
406 982
547 180
638 648
566 165
721 593
18 80
881 248
241 643
241 214
333 318
5 801
672 738
969 416
860 196
255 264
383 199
612 434
212 661
96 836
135 775
656 54
251 433
966 279
16 602
769 615
737 650
720 462
712 829
629 562
280 810
119 452
523 967
285 402
371 615
235 542
659 413
145 381
109 580
966 21
732 399
422 222
41 514
272 288
818 531
909 574
971 276
806 751
74 739
165 136
437 947
884 749
602 968
247 465
241 55
804 593
32 266
753 372
200 938
292 218
718 33
425 571
471 30
23 687
541 99
544 713
879 321
691 449
450 315
987 192
679 943
811 798
819 559
391 754
326 784
585 106
537 404
905 972
844 560
277 998
342 679
707 539
536 461
908 213
599 499
178 941
124 794
953 50
510 372
351 218
98 874
619 120
619 570
767 317
929 604
566 875
957 457
669 508
689 851
998 360
14 345
808 725
879 479
935 978
506 507
914 171
37 408
791 213
796 430
807 891
47 868
949 554
983 13
108 841
14 829
951 100
750 960
899 2
846 330
895 745
999 835
407 380
102 970
212 193
693 136
434 314
587 133
764 387
916 425
849 425
707 456
442 330
158 207
228 449
564 814
746 73
515 652
308 662
239 930
972 601
552 236
775 88
446 721
427 445
800 524
565 644
693 511
732 411
382 958
769 586
293 961
116 517
993 267
223 512
116 59
668 376
299 48
64 662
644 772
508 859
160 79
342 748
20 833
574 573
50 772
204 709
447 317
301 349
532 802
580 738
511 392
334 742
436 561
861 165
160 794
356 308
40 380
961 631
819 337
251 492
731 499
452 315
285 421
109 774
311 53
441 206
611 531
372 943
602 76
729 636
287 481
253 774
470 500
236 596
756 198
16 846
871 77
957 596
944 968
227 724
82 772
534 424
106 120
490 270
878 352
758 321
384 809
757 657
665 771
558 791
237 628
523 230
548 188
263 547
102 521
858 622
213 634
513 345
328 897
241 672
370 891
421 589
243 46
992 866
443 432
869 948
427 833
601 46
909 349
226 776
269 254
841 651
188 951
311 709
464 344
901 440
406 313
465 742
817 348
103 172
838 348
574 542
518 244
4 951
96 816
44 721
723 35
564 904
246 358
502 555
428 458
799 158
694 542
965 846
274 429
280 256
265 385
4 403
960 692
117 54
210 888
157 927
710 53
470 627
235 215
272 91
453 623
369 439
367 932
540 634
995 593
210 779
485 972
84 347
211 345
984 286
783 824
137 100
640 848
845 739
534 315
196 397
276 31
221 515
408 474
944 887
182 784
136 841
800 838
251 36
198 920
659 13
327 572
440 288
169 678
186 953
465 777
581 511
211 947
858 314
489 98
549 551
469 956
933 434
94 744
39 330
369 479
704 395
668 244
464 501
584 718
640 926
278 295
752 664
804 417
181 952
641 393
610 839
649 334
960 239
448 790
673 557
284 439
32 344
486 95
203 372
4 790
685 371
926 156
689 880
807 586
485 611
324 807
450 334
364 193
247 451
791 988
850 197
635 620
136 650
302 909
782 365
319 748
552 110
381 772
939 454
842 417
872 214
238 99
165 769
647 777
22 319
423 514
227 600
801 85
265 891
32 149
786 311
642 287
610 862
496 98
830 310
25 890
899 57
233 420
305 474
911 211
182 383
52 33
536 660
921 650
994 80
338 963
584 823
872 151
503 534
668 752
696 474
749 856
728 774
722 130
940 139
291 535
580 469
411 639
302 585
480 92
138 452
307 245
843 592
696 9
860 799
989 263
63 106
611 387
993 759
174 647
135 782
525 880
123 365
549 982
783 742
382 746
292 600
353 480
558 162
170 803
887 978
1000 68
339 232
33 789
820 300
734 917
92 496
863 868
555 2
39 737
167 376
532 103
904 922
121 585
778 303
15 654
195 60
625 269
199 758
147 321
572 953
721 996
991 801
821 70
392 867
50 445
928 917
728 791
907 798
777 589
251 184
508 810
961 52
785 744
592 855
844 230
993 874
705 616
865 420
815 274
928 145
691 352
564 18
927 222
827 365
470 927
215 6
642 273
861 155
699 151
899 482
630 674
645 650
44 910
322 864
814 183
873 963
603 844
486 64
639 26
569 647
667 994
241 470
191 863
68 818
494 740
873 807
1000 474
11 262
857 810
186 207
184 65
625 841
148 440
645 6
25 710
684 231
885 311
780 61
181 253
610 399
33 520
69 271
435 493
273 506
20 882
994 695
738 539
5 189
667 214
78 854
687 852
746 79
999 526
28 612
727 48
354 303
142 894
513 890
182 465
491 645
717 517
519 562
446 288
497 323
265 401
565 6
606 263
553 409
361 663
245 312
761 811
208 869
178 50
606 231
730 701
603 441
731 339
514 65
566 592
181 702
24 792
169 273
922 298
101 481
564 975
672 797
831 401
806 700
90 143
73 256
487 954
186 666
468 241
61 372
926 936
86 526
564 997
231 755
750 609
695 623
57 175
81 801
404 978
708 479
532 80
43 908
259 571
945 146
284 972
782 970
400 777
178 955
148 479
703 345
520 213
19 830
685 795
532 325
229 111
49 54
945 453
281 725
490 311
659 55
272 339
809 742
424 952
648 751
884 976
421 894
926 768
211 294
11 389
590 691
127 630
368 772
55 596
278 699
612 311
78 58
274 496
246 454
746 663
360 315
253 997
216 802
201 429
292 167
24 498
443 53
135 486
671 176
909 816
310 656
16 161
988 389
780 396
277 552
611 592
598 375
480 611
620 600
372 561
263 322
581 707
565 185
490 869
767 71
323 662
698 481
489 573
97 717
115 794
663 829
351 80
573 344
27 877
945 117
910 803
178 467
336 83
681 893
189 393
857 58
704 314
349 26
867 938
8 644
868 477
45 792
901 373
66 883
103 15
729 484
693 219
344 81
472 6
643 481
112 29
845 432
702 85
223 372
703 86
734 986
746 185
672 415
354 952
126 562
624 333
382 920
326 901
220 152
488 841
167 955
495 461
5 74
140 626
562 143
103 237
819 516
90 233
56 394
984 13
398 588
516 151
935 453
955 68
223 339
703 308
463 563
942 393
121 438
468 272
451 920
949 450
328 120
708 259
221 40
404 632
226 616
336 232
282 92
581 915
729 493
823 271
843 14
844 144
170 971
848 920
336 306
931 461
466 941
145 29
795 156
844 192
919 535
115 430
722 711
288 678
337 920
929 563
122 779
697 332
503 154
692 968
307 183
589 234
148 347
704 842
186 719
701 561
423 46
405 559
245 629
907 222
840 758
819 954
462 622
624 157
626 676
698 809
515 405
40 937
240 662
701 332
629 799
56 655
682 192
443 532
612 924
415 774
760 82
950 67
808 430
865 920
239 589
921 721
899 991
44 429
10 976
597 124
779 105
871 967
32 391
667 99
323 392
876 863
453 367
346 811
476 878
310 646
451 380
261 375
281 22
464 807
637 6
417 931
746 561
302 833
796 754
954 864
973 591
261 717
815 348
139 983
945 920
48 864
909 114
15 522
307 630
716 861
533 881
99 501
170 194
668 581
241 885
800 693
302 496
488 663
450 114
484 416
497 133
949 92
777 143
221 736
778 219
872 754
10 161
319 185
376 444
913 507
162 100
916 702
949 907
535 254
918 925
338 832
444 938
637 724
49 75
505 454
969 828
587 381
197 686
145 373
933 404
216 495
258 802
64 520
636 345
357 157
845 333
583 340
142 20
750 465
453 63
716 737
953 49
368 4
77 270
368 525
406 881
831 48
744 234
636 885
323 607
729 448
68 556
31 650
201 740
453 539
612 417
869 131
372 493
563 146
488 226
5 297
678 828
104 90
735 591
630 517
76 678
578 567
361 82
134 249
973 65
670 733
341 6
987 991
157 983
404 608
716 697
971 147
840 457
663 862
481 54
689 617
464 607
194 754
505 893
746 496
565 860
360 713
876 217
236 243
368 630
346 574
574 650
4 249
504 111
758 646
463 499
121 136
927 320
451 539
16 108
268 917
147 847
682 988
720 106
539 686
188 509
722 536
523 2
1000 394
907 630
657 607
693 510
415 891
18 147
200 754
899 550
612 738
678 768
494 500
276 559
170 470
944 359
182 825
202 943
565 820
839 256
324 851
103 243
590 804
20 255
842 330
115 315
206 45
544 422
376 792
265 862
621 765
307 589
849 283
971 466
934 560
648 527
886 360
886 739
668 594
849 43
564 822
147 402
323 896
486 508
968 512
879 960
950 656
457 380
285 286
903 785
94 787
352 75
478 543
944 655
853 593
66 111
247 923
621 980
804 734
112 134
140 988
957 424
760 860
426 917
669 937
672 312
708 593
216 762
351 95
606 81
310 103
293 405
518 141
543 499
59 616
43 754
205 159
411 118
179 905
971 900
785 556
933 272
419 111
989 798
518 609
939 899
523 374
502 755
923 424
5 115
599 667
511 611
900 417
212 559
170 73
722 522
691 476
675 877
262 852
17 682
327 582
351 713
265 578
3 840
408 654
64 48
926 312
528 655
563 717
86 811
690 787
125 452
696 437
533 472
576 155
104 864
760 29
675 833
579 111
908 250
121 920
729 435
675 20
877 645
930 673
576 530
636 395
860 930
963 377
811 596
405 336
500 498
278 523
484 931
799 789
697 648
13 864
68 512
342 99
695 254
697 523
384 469
24 647
314 343
64 152
118 79
942 152
670 381
102 752
657 578
838 340
714 846
859 420
164 726
453 692
328 978
594 744
921 99
833 734
599 522
728 489
853 948
145 360
396 78
913 956
969 175
73 822
544 414
993 740
383 876
101 340
871 357
619 212
720 183
361 740
965 315
821 913
199 406
163 881
56 277
650 445
402 257
24 980
848 977
542 616
777 347
966 47
691 445
819 240
30 692
547 618
548 356
950 48
437 173
37 430
863 155
791 878
205 71
722 179
583 475
928 734
319 670
285 794
785 81
200 345
293 319
921 100
602 568
407 982
637 483
545 142
681 313
216 719
767 460
805 340
326 130
397 218
410 9
644 803
349 35
331 943
831 574
150 810
170 656
176 551
302 438
466 663
20 477
910 49
72 920
515 579
284 429
94 58
383 324
555 255
739 618
719 853
351 336
51 162
614 21
407 9
407 692
1000 94
907 570
165 445
231 607
77 345
329 325
107 680
113 494
719 280
355 441
123 693
714 819
344 763
255 80
735 271
476 387
953 754
41 701
263 337
743 816
775 510
488 902
30 601
513 267
253 154
788 846
552 335
954 792
95 678
921 748
271 977
903 527
5 976
113 117
29 745
190 878
636 764
765 917
987 365
435 88
588 557
882 6
648 978
201 328
147 231
784 964
580 575
619 83
875 422
89 240
436 652
753 838
620 530
667 499
370 751
124 393
178 854
543 401
284 53
158 177
141 498
41 763
951 634
517 193
900 223
669 347
191 11
66 678
657 9
418 968
879 126
718 658
240 893
853 4
186 649
464 475
797 439
780 465
126 644
269 852
309 205
717 192
368 76
668 991
329 576
9 1
907 101
800 185
729 568
476 429
933 115
804 21
699 714
761 801
631 890
669 601
781 756
621 501
750 694
53 377
492 175
642 758
25 50
482 830
448 269
851 297
246 9
505 570
217 653
17 280
268 430
294 315
558 649
762 733
682 52
291 18
730 981
840 248
138 384
884 595
503 689
588 621
599 520
41 35
576 109
44 902
939 989
669 673
450 451
871 690
569 661
626 53
995 460
516 609
754 980
826 372
97 769
960 438
463 237
784 106
656 100
494 222
899 638
954 834
612 698
170 430
685 690
266 762
102 59
909 84
159 192
397 373
309 755
238 124
186 667
97 437
872 513
778 560
582 384
124 99
269 187
118 609
533 196
914 966
476 867
591 370
204 976
703 660
815 920
388 287
137 691
281 989
49 420
472 768
36 745
271 151
156 318
681 866
44 345
412 975
299 893
174 891
638 369
582 674
556 171
605 429
571 741
290 943
238 969
900 257
101 789
961 418
211 680
410 462
710 232
909 536
782 508
507 824
589 79
990 136
574 765
423 324
647 371
940 511
973 983
889 942
873 465
191 578
106 698
638 83
831 680
785 336
770 458
309 946
491 646
960 474
259 482
443 641
238 972
564 290
983 694
468 481
659 539
377 664
552 500
535 867
241 504
849 856
659 94
354 825
511 424
580 418
300 311
211 321
5 469
601 444
382 442
349 232
773 75
780 358
543 282
886 560
68 698
316 21
57 79
101 915
907 370
390 581
742 942
466 471
66 880
265 819
126 373
492 493
717 559
811 924
540 675
307 409
5 846
962 512
579 530
283 561
528 501
485 149
486 109
307 768
760 189
351 833
690 204
74 503
314 978
442 143
779 260
391 58
147 580
604 192
877 442
271 438
914 857
357 612
28 867
616 700
302 165
803 53
464 798
541 676
843 621
255 700
882 725
224 954
995 438
455 712
817 171
865 154
272 155
474 318
826 817
973 371
633 725
939 513
778 493
488 142
252 977
933 965
383 169
629 252
86 134
199 777
326 769
707 670
686 550
902 664
891 71
375 430
395 52
949 709
259 270
344 150
914 447
242 417
886 387
135 611
320 315
636 324
51 189
235 2
368 578
737 260
204 472
296 905
323 192
924 430
557 143
548 737
327 983
713 193
520 185
411 516
135 769
923 792
357 945
545 912
212 104
394 531
689 417
506 392
699 394
934 802
437 842
441 33
142 381
116 997
64 222
561 816
398 274
981 978
821 428
237 141
415 796
895 203
161 792
626 790
491 580
809 705
544 394
812 391
487 546
462 568
581 440
598 526
708 653
51 130
553 159
165 705
494 706
336 658
988 270
427 304
928 822
600 531
50 374
722 835
936 160
928 673
258 733
209 53
63 854
48 501
22 431
624 942
876 855
128 968
720 455
827 381
999 932
815 706
166 257
191 393
28 893
965 881
323 202
343 829
629 452
329 604
235 243
935 932
223 982
140 900
8 103
27 261
814 803
636 775
274 124
230 129
382 731
326 649
916 428
821 997
987 222
316 752
283 54
606 222
853 2
512 652
585 330
896 678
74 942
940 770
368 719
916 840
701 206
43 985
814 407
462 989
547 335
909 844
713 91
913 70
489 276
970 600
883 880
539 604
40 267
126 14
901 82
405 798
602 908
227 680
526 833
485 57
910 416
913 983
413 514
988 679
90 50
94 841
518 741
520 644
137 992
581 311
357 714
112 482
819 132
913 864
36 580
290 651
971 42
37 312
539 816
24 197
884 948
212 968
301 958
654 393
233 595
513 254
344 618
273 15
295 661
629 922
189 829
112 470
999 109
621 986
30 744
350 943
993 321
692 120
533 100
844 2
645 53
535 552
973 819
969 622
865 792
375 839
410 889
508 741
821 788
509 82
164 198
148 376
115 656
625 957
912 340
401 808
136 639
212 864
29 118
266 280
251 970
320 288
901 856
844 490
692 832
439 952
216 462
405 248
278 638
436 742
284 420
51 924
657 777
412 779
52 106
713 834
753 285
25 645
310 752
901 51
231 652
264 627
869 187
463 360
375 943
817 748
543 207
913 493
72 859
553 473
684 885
22 131
996 764
226 147
228 582
181 498
463 281
195 490
142 743
786 132
198 85
950 947
457 93
419 658
903 213
630 409
283 63
112 300
996 152
173 702
135 11
5 92
603 22
698 664
684 924
178 764
572 177
94 885
849 860
292 10
558 132
902 705
979 177
610 58
871 914
133 159
379 103
785 867
14 627
916 243
307 300
261 887
886 223
407 82
643 755
301 118
267 426
837 671
324 358
463 454
183 651
510 585
756 180
812 536
121 507
379 747
568 76
783 612
126 100
823 6
401 155
845 970
148 270
906 724
977 616
505 835
307 658
946 264
493 762
178 847
603 111
913 843
598 353
419 469
366 507
758 370
278 967
728 11
708 930
178 222
583 456
896 806
368 785
242 835
701 669
448 120
28 809
263 846
216 399
633 417
441 743
791 832
203 628
21 331
133 46
170 448
81 80
134 190
301 309
429 768
122 498
875 208
68 874
127 690
241 711
973 217
521 424
22 314
173 688
372 736
28 514
365 963
857 750
753 439
199 988
545 430
147 10
699 585
494 744
519 571
227 930
484 772
487 42
947 38
565 411
161 442
291 522
37 18
312 58
793 775
918 595
346 48
156 529
587 882
217 963
396 841
199 630
146 449
511 737
771 856
928 406
22 322
351 8
388 6
135 538
281 575
853 257
51 657
657 30
697 576
324 763
68 298
236 978
321 403
916 901
168 562
96 959
532 2
716 799
906 832
797 420
999 541
229 802
983 409
269 150
145 136
634 822
94 608
842 347
59 824
43 930
761 19
814 696
619 534
637 491
123 144
382 122
90 459
200 242
11 644
149 876
307 71
722 171
745 920
390 837
585 717
251 641
68 969
574 597
513 76
344 764
699 434
77 506
261 755
831 364
251 707
814 573
391 575
892 736
549 1
221 517
77 331
810 575
118 314
743 335
677 557
549 323
654 825
169 671
179 996
220 373
610 866
918 73
974 26
723 684
812 734
558 341
245 934
102 881
910 168
165 133
567 409
955 272
57 336
42 516
59 686
280 764
761 338
119 93
284 585
178 529
36 126
553 619
788 73
555 891
50 856
811 856
226 534
28 504
337 270
10 444
137 336
410 498
