931 2526
637 198
507 481
568 669
550 136
864 121
754 760
403 26
758 144
617 681
466 496
543 694
798 586
403 395
558 758
668 114
669 679
193 150
717 753
233 546
128 536
327 472
719 156
500 531
690 434
288 930
440 905
581 44
571 912
553 146
293 623
171 821
706 590
891 899
284 211
285 518
770 284
94 174
446 470
689 349
644 405
348 122
528 16
912 298
180 213
914 344
498 528
779 353
322 354
692 613
877 20
809 780
133 330
300 27
907 712
675 855
436 747
309 222
663 576
317 601
140 425
736 403
233 433
676 733
91 471
271 150
383 189
57 798
10 784
10 909
65 302
435 434
213 419
57 468
497 813
97 288
225 798
891 509
435 6
127 9
274 504
153 761
887 515
329 837
203 729
76 553
27 692
835 694
513 763
682 210
828 322
405 511
581 705
857 328
585 115
732 697
839 526
901 895
422 743
208 159
596 152
624 732
64 488
247 818
412 357
514 733
569 491
717 344
718 211
904 320
80 898
335 95
87 190
196 268
750 736
737 491
317 358
815 475
378 372
468 163
573 460
636 334
489 56
271 442
711 120
606 342
275 706
904 327
150 518
118 28
585 236
305 495
642 125
588 852
259 685
616 533
178 551
786 129
845 126
665 181
576 360
704 349
484 15
84 461
286 730
216 253
509 499
882 197
367 448
106 314
511 576
332 117
888 926
155 724
565 448
399 502
577 375
786 475
808 746
679 612
636 52
903 688
137 868
896 503
239 301
205 333
559 35
502 400
690 96
879 765
121 567
859 720
228 52
697 49
130 232
665 531
484 823
453 342
862 121
296 90
758 62
81 114
62 609
620 59
711 321
569 293
343 150
819 512
727 922
727 449
286 708
240 241
440 94
135 428
827 682
383 269
240 533
520 18
5 27
796 314
874 643
569 112
556 77
334 569
159 13
734 741
312 886
648 261
119 831
687 236
430 127
110 915
914 568
110 121
662 478
149 846
334 330
744 98
228 339
690 482
926 451
537 301
701 738
540 251
544 329
356 511
360 37
786 138
215 548
309 116
793 68
846 766
834 725
911 331
630 786
552 818
81 187
267 689
271 738
146 322
282 642
853 388
490 801
272 718
456 550
826 237
389 420
230 314
337 582
249 676
778 760
512 441
157 162
892 391
88 288
705 237
592 774
94 763
349 562
540 638
78 926
688 894
211 26
698 149
822 526
304 58
58 894
462 137
617 915
49 593
670 717
838 339
767 134
74 484
184 540
918 347
42 688
855 226
788 37
267 668
295 55
761 604
191 102
46 863
737 412
430 581
91 761
203 860
699 563
66 460
449 508
68 304
553 441
704 224
372 22
512 134
283 440
46 900
765 116
198 537
202 425
194 677
360 26
162 922
914 854
258 722
403 880
150 785
15 822
285 545
345 283
382 325
899 496
855 752
161 441
602 613
915 747
390 660
56 223
674 264
734 569
756 287
278 825
67 867
122 506
639 307
342 401
843 604
473 153
347 752
828 165
166 601
88 200
703 375
390 621
267 588
471 740
891 494
3 643
462 921
193 718
547 395
855 649
917 176
924 536
814 119
656 710
714 894
298 140
890 809
48 859
820 9
660 690
189 171
95 458
906 840
393 46
470 76
53 535
133 495
543 2
715 51
669 424
214 858
69 370
91 922
642 608
755 674
661 111
385 457
294 525
47 741
54 279
818 779
839 101
253 2
471 79
878 814
292 181
847 421
30 864
363 638
769 525
292 335
475 620
814 202
654 181
879 764
805 578
679 151
613 196
182 874
872 909
263 26
283 309
432 30
86 241
215 381
342 879
552 234
918 118
204 447
791 85
194 568
315 434
469 344
855 68
308 791
347 254
188 682
851 785
591 403
866 760
6 90
264 517
593 784
878 336
138 639
820 570
880 607
571 750
294 106
541 171
409 922
302 307
781 7
13 413
549 59
400 409
532 402
912 419
314 25
776 409
262 786
487 443
508 343
678 650
276 93
260 844
246 125
395 751
658 628
551 546
314 379
812 14
740 627
65 695
890 407
482 648
533 859
397 166
453 852
570 482
611 701
391 392
301 213
50 599
734 224
37 272
832 435
208 637
407 183
907 61
808 497
636 740
203 434
773 866
722 244
426 457
494 784
18 135
468 633
858 468
51 70
355 255
143 419
224 834
23 500
99 447
505 47
675 496
127 526
520 281
803 888
812 404
523 203
507 396
453 88
791 693
447 373
855 135
145 101
255 262
847 578
35 31
6 619
478 564
636 22
379 845
650 519
490 661
712 783
862 787
229 158
394 766
109 3
369 267
540 264
778 15
907 820
587 559
770 773
511 351
683 845
98 231
635 553
34 894
509 362
538 93
80 565
855 781
33 190
98 341
695 313
826 629
277 213
613 144
65 666
526 423
824 14
552 371
220 590
227 172
862 726
413 902
400 74
423 184
368 822
120 847
691 920
360 275
71 540
493 489
771 250
387 46
923 471
731 280
911 707
418 789
536 421
43 890
136 168
801 330
288 99
592 652
900 170
616 215
356 5
583 88
872 268
107 630
733 363
806 611
844 900
297 914
101 156
157 815
602 204
712 388
803 408
696 190
733 839
864 154
168 332
333 644
192 568
724 638
448 7
697 738
610 773
545 811
635 288
797 33
788 725
898 734
405 131
706 64
467 921
305 876
825 133
659 864
863 607
467 774
779 679
343 541
745 114
694 670
770 48
19 146
899 249
649 15
395 918
180 725
514 13
881 22
666 263
810 928
264 677
152 190
100 900
165 338
302 257
550 748
545 57
621 55
414 291
805 930
806 682
80 699
366 141
338 9
303 211
735 188
284 842
508 867
734 811
875 248
627 46
65 459
563 811
172 814
783 822
733 487
421 390
367 515
721 177
872 191
283 429
511 292
233 912
307 697
72 274
424 688
613 189
173 65
253 584
35 32
476 764
148 257
168 10
611 830
104 605
312 598
896 798
913 848
715 787
147 693
77 310
556 866
80 43
800 724
909 807
596 499
652 74
366 669
607 616
757 800
373 764
782 827
381 482
859 66
590 238
259 218
843 541
351 608
500 795
563 904
448 758
893 263
327 794
312 70
463 459
374 562
287 724
18 821
866 145
866 730
378 314
105 514
109 58
883 389
96 81
817 23
643 517
661 724
721 691
774 8
852 917
302 103
696 777
626 12
771 640
96 302
615 441
672 902
364 84
454 443
534 124
556 476
277 594
386 484
606 642
437 386
294 277
425 29
72 614
445 919
319 930
894 594
436 529
668 503
122 708
459 874
524 588
629 697
11 744
463 415
347 103
663 480
576 446
362 392
693 472
36 284
536 850
516 502
870 618
124 565
66 767
215 366
242 648
51 823
466 832
468 345
15 482
418 626
277 642
906 277
48 32
303 423
841 82
3 325
795 567
560 75
62 26
101 37
600 892
663 163
320 799
102 507
454 686
695 484
401 133
493 204
889 101
230 287
413 832
214 238
402 924
23 806
226 430
744 37
748 725
71 143
882 450
298 659
144 276
551 459
47 749
30 590
588 391
918 787
888 782
83 620
639 611
234 278
720 593
21 404
259 505
888 306
633 420
802 171
342 590
682 238
204 158
753 197
533 410
386 594
926 797
677 879
316 312
495 229
357 196
698 599
649 407
206 923
444 788
671 888
251 101
786 808
660 196
826 44
447 285
206 337
464 746
246 237
434 480
439 926
324 689
754 199
728 11
713 551
18 557
809 891
372 287
139 451
37 480
885 236
276 735
581 227
58 47
158 1
505 811
143 418
371 241
264 564
464 737
263 773
565 714
343 321
22 821
404 368
705 770
702 18
486 774
784 297
894 745
363 211
832 395
216 96
306 363
454 238
917 782
575 873
83 752
284 508
394 211
711 18
822 718
490 111
127 790
820 908
771 796
662 424
205 712
222 574
631 236
872 272
600 863
444 757
421 876
228 526
923 742
571 613
698 359
93 249
613 72
871 885
360 301
401 293
73 648
277 680
420 426
563 131
263 746
676 63
71 695
735 458
662 126
773 41
523 574
503 733
217 242
132 505
153 916
904 764
709 828
526 226
294 705
363 813
822 483
769 149
454 274
846 485
647 508
434 157
624 224
633 181
810 669
615 535
102 772
288 442
536 720
494 792
669 406
579 863
727 128
677 502
443 274
594 673
3 549
429 749
824 336
402 858
700 85
482 25
846 756
783 367
551 617
627 306
847 407
43 286
443 85
101 902
330 84
243 375
227 676
302 541
547 216
543 828
896 53
625 457
861 488
699 501
287 656
59 914
557 442
836 749
525 860
693 735
656 917
913 876
571 392
393 663
277 269
397 590
604 618
860 215
626 238
535 727
863 186
812 82
821 231
163 123
181 888
544 911
191 587
463 276
13 911
785 339
828 795
575 281
523 239
46 226
451 654
252 446
415 924
215 851
91 378
457 33
646 678
189 628
583 478
434 723
326 504
348 576
455 875
168 880
827 577
459 99
80 348
736 446
310 96
95 28
403 863
741 644
618 682
46 851
655 414
839 397
915 482
751 906
700 98
917 543
649 350
121 712
574 720
533 249
609 355
188 496
79 20
118 396
376 69
211 891
587 663
861 295
109 914
241 889
119 18
767 477
611 362
423 199
154 927
266 245
255 158
828 38
577 191
100 636
250 65
155 396
824 219
698 67
183 393
847 572
496 918
333 679
67 112
10 459
490 790
661 174
650 612
263 390
840 330
487 18
325 270
770 397
628 572
22 584
349 664
259 221
925 154
253 561
716 257
59 249
565 36
768 800
627 279
257 256
918 42
557 576
644 877
217 434
728 508
139 916
315 484
507 770
145 913
75 909
3 527
44 161
447 292
233 675
916 903
573 674
699 255
711 32
583 552
3 606
461 217
795 150
42 253
171 460
622 351
72 58
364 797
727 501
378 36
436 388
829 443
128 230
395 136
836 321
366 198
916 893
852 883
906 506
8 580
129 856
350 352
284 823
319 69
549 755
363 416
915 361
723 704
775 342
236 193
639 722
368 644
314 832
296 843
874 847
317 241
17 839
253 830
861 447
845 165
900 219
212 136
486 795
597 224
780 461
475 274
788 381
665 494
818 833
334 195
357 34
399 263
841 90
611 109
151 619
312 268
756 335
77 639
575 448
211 232
208 280
697 159
290 776
402 773
793 710
791 87
762 588
579 914
121 526
782 654
930 303
384 695
147 232
758 793
229 16
910 324
855 662
380 924
53 648
94 918
169 545
96 459
137 836
230 556
452 638
163 56
18 423
743 859
763 428
452 653
796 573
127 502
454 866
298 608
320 322
104 517
586 62
347 847
575 16
354 500
176 854
104 243
178 243
452 376
218 359
628 260
416 271
696 529
627 194
188 47
686 207
467 96
603 639
287 896
918 802
172 909
193 205
620 300
52 768
441 161
831 99
251 566
838 211
439 188
280 731
792 475
191 401
610 598
17 803
896 42
269 168
438 523
789 785
405 109
636 676
638 207
840 130
163 183
527 169
97 561
612 315
150 403
525 765
656 372
309 370
831 104
816 703
398 109
552 564
789 612
280 151
651 591
591 463
342 798
326 521
183 176
811 747
900 755
28 899
341 931
815 314
175 91
698 154
37 70
811 905
115 4
262 67
618 405
510 311
783 393
57 745
462 895
707 870
472 646
803 769
666 296
317 450
541 760
156 480
411 479
861 656
861 859
399 12
564 863
781 495
921 271
501 146
238 691
795 426
722 366
779 867
462 653
376 153
163 221
606 457
561 901
446 730
708 649
527 514
571 626
703 556
23 227
886 265
137 30
543 642
78 138
392 172
860 328
56 25
383 91
310 809
792 834
590 127
389 732
194 507
359 418
624 49
731 887
553 672
260 242
884 101
255 566
449 175
105 861
128 351
830 167
171 147
482 17
264 324
102 275
234 356
240 520
137 778
428 324
290 421
20 721
369 562
202 549
512 820
70 479
42 341
421 783
46 841
586 508
346 600
661 815
313 657
390 540
29 703
503 386
73 16
220 891
22 459
575 766
912 83
158 108
380 543
38 518
205 740
465 194
693 362
299 518
204 361
721 17
59 598
61 543
76 742
810 751
886 274
32 675
755 511
226 755
796 267
85 316
855 808
822 880
270 102
110 763
37 244
681 747
225 295
834 101
29 623
379 726
362 319
242 610
99 650
560 392
211 174
688 537
52 284
258 5
920 768
703 31
65 927
430 255
506 180
824 220
769 557
77 720
676 220
729 591
287 35
881 539
456 485
699 854
616 610
230 742
53 884
422 921
903 543
134 699
488 805
474 376
636 332
443 597
466 411
289 805
274 252
442 208
575 533
119 519
355 398
692 499
698 58
849 928
227 712
138 558
509 676
96 460
721 4
706 614
710 38
123 920
640 595
757 603
203 854
493 699
336 795
670 659
305 16
819 865
108 22
367 109
485 621
773 571
759 556
44 266
925 912
730 143
913 590
741 679
484 336
357 377
769 842
226 81
354 26
748 379
35 224
92 906
789 471
149 872
629 579
523 481
466 617
31 569
655 36
531 417
492 182
79 152
373 725
211 221
377 658
158 777
453 435
880 609
720 726
112 763
315 318
460 880
338 735
357 354
621 725
208 122
199 387
418 486
792 295
421 619
773 319
788 486
63 689
264 538
160 603
344 199
861 446
714 458
828 297
919 23
834 663
893 184
94 280
919 473
716 294
476 181
669 120
708 53
468 465
23 913
931 621
474 517
678 258
540 19
276 168
559 688
730 815
53 823
401 553
368 548
225 27
120 815
554 780
87 666
364 688
155 759
542 481
710 286
711 474
218 851
199 845
115 869
630 147
704 198
540 143
767 736
480 755
404 823
663 819
48 318
249 600
583 813
289 753
257 83
95 87
13 661
656 263
230 893
881 275
736 53
495 921
596 447
672 391
909 817
603 202
161 339
720 916
735 916
913 425
99 443
343 799
515 832
318 465
103 330
240 210
184 281
300 14
891 917
231 91
213 572
804 548
717 347
40 841
124 372
278 327
282 455
799 318
201 237
365 12
202 843
774 616
569 858
1 134
93 824
797 485
351 359
656 486
451 226
252 68
687 427
496 35
542 75
554 763
655 295
144 911
364 669
436 50
108 456
293 34
922 111
798 175
549 268
803 437
744 364
568 15
236 338
628 41
146 918
182 404
384 205
479 558
451 434
858 30
18 169
743 436
812 338
420 612
224 402
900 763
381 343
711 657
51 128
161 29
60 773
477 81
872 55
170 232
182 837
861 203
312 473
644 631
869 342
285 805
897 821
362 886
117 630
524 108
175 321
31 76
252 226
898 706
722 843
881 796
721 747
403 562
633 487
392 649
670 241
68 409
787 439
607 480
187 738
794 760
890 917
320 608
451 877
179 295
930 437
490 70
238 774
924 155
335 649
340 399
70 485
347 666
774 914
404 217
777 788
423 609
851 176
743 315
176 72
18 735
398 421
308 860
773 827
188 743
70 306
254 864
360 799
318 359
866 821
918 672
345 212
808 732
237 30
530 723
783 89
414 724
6 441
744 328
507 326
746 506
249 542
215 877
382 711
109 704
25 299
318 78
548 334
34 641
515 72
38 692
38 514
738 259
727 421
706 376
817 347
339 180
434 23
788 428
863 15
625 851
224 354
200 839
535 513
519 843
171 684
745 327
528 849
238 626
630 847
320 139
467 793
554 553
343 556
382 601
260 458
100 380
724 217
901 756
7 881
345 412
624 312
424 781
132 19
832 52
838 254
673 273
549 686
18 627
627 355
648 113
98 709
7 72
401 809
559 289
448 102
802 566
340 18
532 690
311 774
807 441
222 184
852 694
923 247
514 21
255 48
187 231
851 332
357 736
138 592
783 293
108 393
620 391
53 568
879 209
147 703
335 25
619 543
447 398
160 306
625 130
790 103
558 3
318 697
817 334
51 469
640 193
899 515
367 281
611 192
667 82
133 199
906 12
803 155
319 748
859 100
436 264
408 255
389 35
374 212
229 767
196 102
161 631
623 547
897 496
480 172
171 247
248 184
526 527
432 665
841 165
732 455
56 544
755 469
228 745
814 705
201 796
516 538
629 191
337 381
63 244
599 902
66 686
602 467
435 415
882 182
385 185
904 694
264 843
262 810
193 900
789 541
558 771
773 769
188 876
406 159
281 860
361 813
472 925
109 408
346 890
862 756
383 878
645 327
264 510
236 887
414 261
432 44
887 645
266 772
450 146
110 519
377 825
707 697
854 331
823 466
519 215
794 102
577 716
10 316
164 890
881 504
455 165
239 392
786 41
762 589
104 100
834 411
507 375
296 22
411 629
93 191
894 442
717 105
77 383
616 281
488 471
126 323
601 453
185 732
44 353
673 493
233 867
380 419
860 264
757 735
738 419
540 891
616 241
45 73
637 868
182 98
256 358
617 150
720 596
920 182
23 743
688 780
379 481
358 775
737 16
740 624
233 868
752 409
380 916
491 18
18 670
384 866
114 162
635 807
178 911
202 466
408 621
853 102
240 661
250 883
345 649
401 434
674 372
250 553
644 409
365 605
225 672
485 254
821 372
40 556
756 351
8 74
500 800
18 402
443 534
117 691
263 149
619 430
755 612
540 111
157 760
784 467
336 339
41 635
478 143
704 666
888 33
445 578
374 234
215 342
378 217
822 276
680 579
773 267
759 843
427 195
709 214
452 780
573 751
488 568
875 523
107 350
269 707
695 747
628 276
439 183
447 664
508 71
915 769
698 499
256 130
667 523
42 200
832 333
36 558
698 354
627 440
40 510
871 427
428 535
160 861
657 369
641 479
475 97
907 444
819 856
35 178
436 892
393 693
480 451
481 459
893 771
524 118
7 738
304 145
253 679
159 616
625 871
471 638
758 80
712 893
468 294
453 385
878 873
130 526
46 73
578 176
742 9
321 342
31 356
128 141
885 196
852 838
301 594
639 414
641 210
644 857
315 264
6 460
373 199
447 832
503 281
61 426
890 732
780 408
673 178
470 392
200 636
365 425
884 209
927 668
35 621
842 717
111 64
555 67
276 235
122 804
301 616
714 189
748 536
386 519
337 796
410 122
140 167
291 360
166 663
834 847
780 407
653 159
654 87
548 320
843 743
93 391
187 501
316 637
213 483
179 601
348 32
332 810
596 337
65 212
82 778
389 560
46 62
539 51
760 15
84 487
12 478
474 816
770 229
91 745
830 172
837 203
527 212
31 339
876 359
474 284
112 897
497 917
145 463
350 847
169 449
870 587
526 391
277 102
6 433
670 88
514 797
179 905
591 131
371 603
77 517
853 30
730 926
195 860
625 151
435 672
185 291
774 687
295 215
885 531
544 801
610 46
504 125
195 67
640 244
916 97
682 172
888 558
826 606
876 183
586 739
421 169
757 212
539 1
170 363
235 80
764 343
768 658
694 837
218 2
112 800
663 738
67 913
86 576
685 102
915 594
348 926
299 348
858 863
452 441
700 301
759 391
688 199
670 396
373 87
585 799
205 357
230 184
205 432
520 420
506 447
482 636
712 577
819 679
340 831
911 213
40 350
925 441
377 72
857 355
859 882
162 154
728 635
289 722
270 428
611 848
423 573
106 808
476 170
317 566
364 733
203 645
665 393
577 610
889 176
728 189
657 135
866 23
595 2
200 287
325 162
844 75
538 309
223 469
524 832
93 710
764 380
809 464
713 663
56 697
458 219
85 365
141 812
455 175
494 307
688 418
157 246
118 909
412 559
844 746
494 816
94 178
128 403
467 770
848 823
596 234
62 369
534 690
839 107
805 471
718 246
701 817
444 779
601 18
747 610
678 757
698 98
298 225
564 655
174 290
712 154
34 433
215 612
393 563
596 725
374 368
782 166
272 501
475 837
902 369
338 724
410 623
788 181
225 113
261 408
137 93
134 434
784 26
270 628
571 895
477 843
865 414
244 58
651 458
653 877
158 858
405 95
72 549
252 311
477 114
441 529
47 606
836 228
72 611
805 473
881 280
786 22
31 487
57 609
746 137
430 374
535 273
165 518
909 904
318 349
233 875
144 757
328 689
397 466
591 37
703 257
321 472
265 782
711 687
806 507
146 174
772 561
459 10
706 406
778 571
249 353
765 195
898 775
812 705
535 302
611 595
671 320
773 135
150 849
634 86
814 775
475 794
836 859
56 343
592 820
646 17
164 912
906 162
249 925
641 537
35 310
424 426
170 121
778 376
506 305
843 850
420 737
737 33
45 599
707 236
804 260
624 477
329 64
327 82
606 915
440 473
39 734
758 71
208 730
170 209
25 191
315 792
500 226
725 444
1 424
186 490
405 844
27 92
619 737
764 915
178 599
437 833
611 138
867 276
431 488
734 68
437 519
350 333
501 372
588 252
269 793
570 381
773 371
665 666
778 78
745 702
176 751
371 391
12 125
493 54
682 392
558 543
704 634
688 95
564 319
145 482
794 426
62 36
142 433
53 794
428 91
191 529
32 555
788 774
3 375
339 767
375 158
250 46
124 158
876 379
160 758
59 179
115 14
448 5
359 906
930 15
614 583
580 48
73 518
720 12
331 496
668 356
320 79
89 85
316 846
874 445
910 535
214 160
107 38
589 108
845 450
313 209
727 776
66 852
51 910
824 826
74 503
606 330
516 419
220 864
188 812
357 126
838 361
658 310
713 494
327 602
844 730
445 353
860 874
827 905
130 475
22 672
150 884
390 466
90 512
293 568
663 515
376 460
51 919
548 321
92 280
238 363
761 881
814 83
344 367
323 571
592 736
17 157
334 500
147 114
338 11
619 851
451 312
841 571
328 13
382 448
760 709
877 221
823 929
22 554
117 813
461 928
762 280
191 198
395 875
605 190
681 809
98 119
541 76
379 424
236 393
376 614
197 845
400 737
917 521
42 782
497 246
558 789
810 832
241 233
906 515
672 82
907 534
896 240
436 230
681 351
682 343
139 749
797 837
778 265
602 654
191 888
583 863
487 17
828 179
301 333
104 492
468 322
566 145
649 721
172 11
745 223
856 897
394 29
695 676
510 27
241 552
259 705
230 522
164 727
513 676
186 209
777 120
542 530
887 696
429 693
88 841
344 499
113 839
39 813
777 822
82 497
731 542
74 311
220 359
407 203
646 655
929 176
685 630
274 622
124 176
469 865
365 58
331 317
24 57
923 81
359 363
731 329
235 492
400 242
422 772
39 270
278 824
120 92
791 679
382 811
662 873
202 590
812 336
511 439
731 416
144 881
588 495
53 527
793 671
388 658
276 520
482 628
545 420
47 97
360 755
144 405
39 438
103 213
106 203
452 424
74 583
695 811
94 841
349 373
176 576
451 285
915 396
301 386
830 225
316 802
118 183
118 888
301 440
494 712
929 109
698 700
241 578
740 771
385 306
385 345
385 780
51 878
911 925
436 361
682 129
919 620
153 483
95 398
