913 1953
163 323
37 689
352 280
462 390
212 327
140 113
269 136
125 899
37 503
556 835
675 333
566 42
911 527
878 413
168 408
777 404
63 228
84 418
451 692
327 254
151 641
830 147
746 124
875 77
518 572
43 450
581 243
183 59
734 532
188 578
372 604
636 238
87 550
425 718
338 716
624 829
509 748
790 570
685 904
175 48
468 46
745 483
483 84
749 839
553 17
117 113
199 310
302 619
86 857
767 488
822 280
309 182
863 462
646 714
82 528
285 354
36 642
275 692
60 280
558 369
9 572
836 115
485 107
820 213
49 45
251 674
108 310
380 435
399 140
629 303
643 676
269 347
159 524
552 222
613 65
337 251
409 790
488 676
196 765
517 350
288 736
132 303
320 519
580 347
224 93
460 227
307 737
399 149
59 454
487 823
558 417
600 407
163 187
3 143
479 872
119 273
713 54
838 801
583 504
71 548
883 153
172 202
446 519
730 402
750 747
398 113
23 94
564 327
545 527
16 347
204 732
191 491
235 254
555 169
901 333
479 666
483 146
508 717
628 817
353 277
262 71
583 748
214 460
865 434
98 524
135 714
619 434
729 291
235 531
306 906
399 155
510 225
497 201
634 96
396 208
342 467
642 707
279 2
375 167
707 392
799 731
416 63
676 114
328 177
601 830
36 337
591 1
497 277
85 912
88 790
73 871
37 841
847 493
153 785
819 815
304 419
373 773
381 246
572 495
578 898
210 616
69 872
379 413
197 201
809 548
335 480
798 22
414 799
382 773
304 902
485 362
524 219
437 898
479 844
389 84
361 836
251 488
821 113
310 320
590 438
792 734
153 592
197 781
828 207
206 128
216 298
612 806
242 57
307 591
517 561
904 613
9 652
503 414
112 41
909 186
443 691
109 73
762 661
343 189
58 585
259 840
757 201
261 559
193 806
128 252
491 688
628 23
264 374
527 352
729 473
827 868
507 671
79 676
265 620
628 86
52 506
477 340
54 681
784 224
421 136
199 81
22 222
371 126
184 653
344 412
72 33
389 79
34 686
93 400
651 427
59 248
776 700
550 297
497 604
816 537
243 455
746 137
799 17
474 324
907 519
86 2
109 419
889 173
245 836
784 79
374 291
746 548
659 676
782 66
747 812
659 651
877 192
101 110
451 53
783 22
852 555
154 834
76 20
106 91
90 580
332 214
172 98
452 805
712 613
769 846
557 540
60 19
195 144
43 811
300 333
737 238
286 311
415 209
481 583
870 177
102 15
106 905
487 707
680 611
182 546
116 290
709 142
341 873
896 293
488 728
662 445
579 713
876 125
499 562
528 799
265 335
543 868
566 218
608 594
56 324
674 187
756 611
886 155
742 193
709 626
275 867
574 356
371 266
570 602
40 118
519 152
745 394
494 232
651 170
673 598
121 529
58 745
475 717
321 231
13 745
359 310
220 754
735 614
791 901
776 759
678 313
614 204
376 234
252 50
127 509
591 515
631 61
797 384
231 94
487 432
865 224
426 2
889 234
694 118
180 53
649 490
763 459
251 677
565 134
89 245
568 768
660 177
272 786
445 605
687 194
255 70
255 890
906 791
910 680
458 555
57 625
761 56
174 907
196 412
117 520
761 231
175 850
515 519
237 788
777 845
245 443
788 98
620 781
890 561
585 147
455 131
20 119
742 299
617 424
34 349
683 821
204 733
154 283
63 629
67 197
507 410
166 609
481 827
473 834
572 474
721 209
725 52
107 201
123 91
675 278
697 408
454 106
437 840
705 869
787 574
153 465
155 910
488 405
54 452
169 638
872 614
843 368
625 563
420 838
590 421
870 714
248 581
784 118
531 514
85 601
312 204
450 166
804 307
698 855
584 421
185 632
224 429
276 211
810 668
902 579
464 603
235 742
350 671
189 39
92 311
363 681
718 902
257 293
207 840
872 177
118 602
896 11
770 419
627 483
147 822
149 38
322 797
750 479
823 529
419 887
97 27
404 910
97 116
886 542
870 777
320 349
415 14
368 343
775 229
68 416
531 52
1 564
741 80
871 774
403 534
524 823
534 301
80 195
673 50
268 319
89 801
239 804
849 635
649 57
261 249
706 534
261 133
188 836
267 226
699 682
308 251
61 120
655 207
556 59
208 201
304 299
84 747
292 3
594 639
258 728
473 831
211 34
645 360
150 131
445 700
561 646
636 94
568 848
884 573
686 160
749 475
457 77
794 870
881 131
719 841
364 737
850 302
95 634
877 488
551 476
740 491
834 647
910 389
434 322
749 686
878 196
231 161
504 514
619 206
530 543
378 720
420 477
784 509
274 774
95 279
672 488
305 100
844 33
535 383
801 517
26 349
463 597
318 311
356 78
78 407
275 666
875 565
659 183
109 404
145 603
604 343
881 84
481 9
491 365
406 59
618 38
723 46
139 847
122 633
504 52
401 348
727 238
821 651
806 140
754 670
386 900
774 101
354 666
273 510
899 907
42 303
298 632
240 683
486 305
714 67
606 376
329 492
862 347
535 83
285 842
215 649
397 366
700 815
168 839
575 564
634 208
299 889
319 224
638 333
182 247
671 913
158 892
697 161
534 395
723 724
464 529
582 391
196 70
218 247
454 252
420 497
81 575
29 173
489 357
684 757
150 738
407 464
264 66
466 2
621 484
894 194
399 129
882 784
442 901
631 143
317 451
445 14
837 418
173 644
838 779
150 594
537 724
76 240
10 137
694 119
532 323
849 555
470 134
618 146
352 770
811 838
188 594
41 755
143 149
475 685
721 642
465 633
910 681
259 537
64 281
669 649
644 534
630 573
885 358
336 462
782 278
842 687
201 814
8 117
268 575
554 637
242 734
410 590
56 155
619 46
142 258
436 881
203 457
455 788
739 783
408 680
706 220
877 538
515 264
576 752
471 376
427 175
406 209
123 839
737 540
650 672
194 112
123 641
179 147
142 261
809 693
415 150
650 601
631 809
615 612
581 111
104 381
656 733
125 665
254 594
644 257
459 390
293 597
876 231
272 450
196 277
578 707
156 67
543 643
105 88
89 604
699 641
261 491
82 239
763 684
365 242
165 544
116 50
912 689
663 861
64 524
671 556
682 470
363 680
402 433
575 59
635 721
209 502
197 380
813 493
90 668
508 419
6 134
611 380
612 374
88 285
610 489
224 857
8 683
44 76
48 604
324 492
752 149
592 494
152 21
537 728
725 856
155 701
798 833
620 865
608 174
574 317
171 541
654 686
385 514
654 799
392 638
590 268
799 803
525 532
622 726
536 266
597 599
138 19
253 769
345 32
627 694
811 463
544 322
343 191
243 814
209 642
115 523
120 296
14 388
346 310
849 738
335 328
636 64
529 461
126 583
180 238
534 99
313 459
847 24
794 404
481 492
252 3
753 696
898 675
96 202
499 704
28 89
391 610
611 480
576 14
615 306
503 35
70 855
422 634
649 473
526 490
349 181
904 233
580 791
773 430
267 53
255 736
385 162
168 590
427 254
217 806
310 228
848 384
43 475
869 278
687 371
211 609
654 55
603 150
134 771
440 17
646 797
331 837
852 703
688 424
298 700
70 532
804 759
398 47
305 808
593 43
403 891
420 412
486 269
754 395
214 102
574 685
493 432
440 324
354 790
613 794
228 662
889 751
713 441
112 619
724 866
672 781
567 521
533 649
76 689
386 761
95 328
165 646
849 256
759 797
338 186
605 152
863 824
120 435
695 829
38 607
883 411
461 348
426 599
249 591
620 125
749 671
576 251
185 868
524 891
494 908
104 673
435 404
485 423
127 337
453 590
268 525
359 887
80 739
544 856
492 614
657 546
567 256
201 324
712 870
115 778
525 780
267 81
363 414
626 642
148 308
101 697
565 331
803 496
861 346
807 642
542 815
444 798
692 703
713 451
452 369
519 437
23 480
118 509
262 571
179 363
881 562
478 302
856 848
309 772
222 394
806 23
833 107
582 841
423 690
263 307
619 58
910 335
841 68
906 352
524 514
485 240
569 850
510 200
575 502
816 858
507 393
753 4
106 883
324 411
265 366
620 725
309 559
220 715
659 207
775 141
193 850
340 551
732 225
453 859
701 452
422 282
639 648
712 258
184 837
277 488
614 84
430 454
58 761
260 649
78 449
571 646
302 194
675 507
664 61
665 740
791 433
909 123
604 418
91 710
384 191
478 402
28 152
512 224
89 414
416 890
515 662
515 109
275 122
887 899
600 696
809 691
316 302
479 11
779 874
778 766
92 763
854 77
164 529
789 360
793 109
680 473
149 378
791 112
264 769
312 315
269 21
633 738
302 680
564 315
451 440
870 759
60 618
904 192
688 631
28 866
807 886
245 633
376 701
731 117
570 256
510 375
293 77
258 33
633 634
904 627
641 43
205 428
742 550
497 441
615 502
215 531
642 253
186 161
422 262
23 139
800 460
394 303
86 292
509 386
571 62
577 171
612 801
552 107
123 508
802 701
840 13
884 865
849 321
857 257
841 479
415 3
627 683
759 446
67 45
17 331
383 465
635 574
856 769
64 261
763 898
627 885
700 575
96 694
155 527
106 274
721 698
56 515
56 733
272 735
610 159
403 314
870 291
654 687
826 646
739 740
403 862
524 239
121 43
244 284
390 88
352 539
595 508
583 24
271 796
440 280
515 900
405 43
522 823
408 642
758 177
856 783
174 475
381 45
769 871
592 334
562 554
409 714
710 71
60 729
434 802
2 269
636 65
232 178
195 669
191 868
734 733
849 641
370 115
564 463
489 87
313 548
831 388
384 426
460 215
541 389
636 517
413 156
531 553
53 731
386 629
496 797
904 831
356 407
70 685
589 66
665 732
410 372
583 300
38 789
204 485
499 377
261 122
232 860
581 743
492 191
567 101
631 405
496 335
615 125
891 476
367 284
144 235
326 135
549 482
671 411
684 455
465 690
440 457
763 186
369 430
679 13
349 448
9 107
34 558
94 845
826 562
259 162
824 410
422 343
431 26
307 104
807 655
618 424
895 623
485 526
631 888
745 524
265 909
341 532
89 204
677 891
290 782
75 108
188 242
714 70
327 146
899 488
277 649
151 757
904 562
730 525
358 783
180 750
145 15
425 778
455 750
157 202
106 620
41 223
249 28
550 135
239 372
258 72
739 61
460 870
427 790
892 436
702 711
405 750
160 762
603 270
487 268
244 7
245 191
48 431
49 55
162 187
606 749
38 590
644 893
891 47
175 832
235 707
734 854
770 823
214 715
629 458
443 392
139 349
401 872
80 579
818 154
556 700
414 654
492 154
630 505
406 558
790 324
192 211
124 603
31 505
901 119
845 731
811 97
316 315
625 591
140 108
535 62
434 391
291 508
687 656
523 659
584 462
842 36
611 865
160 837
469 368
725 97
93 730
471 477
309 482
898 20
27 388
413 537
331 593
69 272
373 246
621 101
605 299
717 7
563 276
19 454
848 73
901 465
322 621
361 139
862 708
840 24
464 721
63 331
69 325
270 901
179 578
464 608
126 281
728 348
819 817
516 435
837 98
587 749
274 643
385 396
245 727
906 435
447 655
181 741
554 385
648 689
749 850
885 850
45 861
610 391
216 200
859 756
913 873
328 545
849 875
352 461
25 345
225 484
450 387
488 850
87 257
771 273
113 465
392 536
210 259
853 544
807 338
409 353
64 671
816 564
305 784
737 757
611 377
775 458
501 321
912 706
832 210
306 711
570 264
143 797
662 360
828 27
591 745
613 97
723 362
227 117
505 67
808 845
702 297
5 7
854 265
584 712
414 240
329 306
609 29
511 30
448 128
194 499
896 14
255 718
130 619
886 804
151 462
302 405
604 391
383 437
483 758
762 282
449 493
395 873
8 316
348 753
645 838
406 620
325 628
310 102
445 59
735 746
640 393
567 443
454 625
627 267
442 207
423 814
175 244
62 567
179 314
218 348
351 24
447 788
620 28
602 563
526 199
728 570
605 257
432 34
715 788
758 746
283 637
54 696
498 603
871 83
307 886
497 785
301 130
29 285
892 399
717 912
370 794
528 276
564 5
838 113
877 895
274 896
403 114
908 71
782 434
623 651
449 574
342 212
266 786
73 209
91 581
857 110
719 366
259 369
663 224
381 294
548 275
880 361
97 36
765 655
668 98
597 68
446 624
363 392
234 320
401 795
348 550
740 7
407 432
839 333
522 599
608 332
668 347
726 412
892 313
786 545
811 254
351 595
744 171
840 92
358 899
641 549
491 257
550 888
311 225
404 114
740 191
78 514
463 879
666 358
287 711
315 518
546 749
30 127
751 654
419 548
8 430
69 715
298 629
653 659
546 120
152 892
50 657
605 555
740 578
184 677
819 117
512 481
676 103
847 643
261 178
744 234
23 633
817 595
830 299
633 109
125 106
394 631
38 142
97 440
25 93
743 40
432 387
90 796
70 405
881 66
24 792
349 322
531 693
654 102
524 205
474 145
249 202
233 384
80 495
591 480
427 506
420 30
495 698
719 285
767 494
456 714
56 335
700 437
719 902
607 365
164 768
474 303
227 207
850 527
820 670
587 23
755 524
22 395
724 356
157 219
615 153
328 113
44 71
351 225
814 242
505 209
488 460
880 387
348 617
79 413
101 570
339 141
429 913
428 110
221 744
32 504
713 9
517 596
176 679
98 418
504 885
467 107
841 282
515 514
515 428
476 235
477 659
424 257
668 906
154 99
214 580
911 840
183 347
153 169
210 279
66 48
212 471
289 651
379 500
794 543
753 91
318 911
229 235
766 270
310 612
629 799
207 519
298 481
427 885
605 656
348 639
227 298
745 131
247 72
393 201
363 154
269 800
498 592
883 327
614 672
99 62
541 139
872 425
446 721
141 304
329 120
384 136
150 419
66 403
269 217
810 335
349 577
269 42
736 727
511 732
168 472
578 489
344 271
327 755
477 589
539 37
616 219
105 858
234 232
273 563
184 860
386 232
851 283
710 89
625 567
493 41
720 115
593 507
62 812
193 643
892 606
288 15
644 356
640 707
142 386
71 823
248 295
288 658
436 555
130 77
28 684
160 701
160 866
752 716
435 159
255 294
538 225
25 466
461 57
505 103
414 586
313 437
576 451
292 283
834 17
708 525
531 636
828 745
265 240
515 14
497 79
516 477
51 7
556 178
629 612
154 682
157 686
430 425
485 631
331 811
373 33
135 326
394 332
549 723
621 583
93 877
840 537
841 288
900 623
794 675
560 354
181 363
365 73
774 687
22 448
13 248
288 910
842 301
181 855
229 277
104 348
252 7
640 680
552 346
25 254
612 99
889 93
672 249
491 285
715 791
147 697
427 623
850 575
687 819
466 414
457 366
335 128
313 456
258 878
581 73
109 537
205 357
449 326
505 911
913 845
456 197
151 325
286 9
82 274
854 1
399 231
518 231
653 527
140 824
660 545
861 450
578 211
249 444
40 438
520 595
174 161
604 576
400 814
526 694
82 192
910 286
235 584
604 138
860 873
610 161
712 312
861 475
812 233
855 232
901 384
31 682
698 558
684 525
248 47
363 532
163 6
830 24
584 610
806 907
625 413
147 868
759 724
860 236
440 20
156 336
288 324
567 407
203 215
284 12
733 572
114 172
651 290
910 550
2 217
388 820
869 584
132 530
575 239
181 337
23 484
898 746
444 142
200 15
399 7
10 304
432 567
549 883
492 68
260 501
671 202
341 238
202 839
352 115
443 761
693 319
435 333
665 163
796 485
335 795
731 728
718 743
79 479
354 77
778 494
63 110
661 435
425 315
171 260
272 159
523 446
392 140
467 720
91 912
366 684
281 2
762 461
415 380
186 314
354 213
673 804
250 776
87 142
77 439
823 79
897 444
18 442
250 891
399 203
627 346
461 422
27 71
524 319
230 386
782 526
335 888
798 654
32 505
325 231
420 624
629 868
647 464
117 69
87 201
93 679
851 698
782 45
896 721
475 420
454 74
768 309
145 572
165 427
152 421
635 237
732 251
414 766
42 380
356 425
140 187
487 539
98 301
392 210
138 481
776 54
875 47
159 640
741 325
375 54
267 393
912 509
867 862
860 674
94 797
39 906
822 771
415 363
200 408
210 667
905 649
619 360
859 849
770 684
460 41
132 271
281 874
563 287
584 770
289 183
863 814
256 440
848 66
338 573
685 34
680 848
151 479
280 232
317 744
855 75
634 570
164 208
668 155
693 722
421 327
341 350
858 437
767 551
770 288
257 336
350 834
238 634
491 639
223 97
139 395
697 646
335 7
618 122
142 823
537 701
79 2
172 352
852 258
319 174
639 880
773 731
541 228
706 750
229 584
654 683
558 455
563 623
503 494
553 319
496 525
382 596
426 181
672 639
140 368
731 354
416 520
438 629
275 341
506 624
211 368
161 78
567 151
555 378
645 538
776 455
433 164
224 369
309 308
457 46
95 722
776 598
353 560
580 708
317 554
780 390
140 37
342 105
695 687
572 621
100 382
456 47
433 499
269 536
828 265
376 184
303 231
749 702
91 130
360 251
131 600
246 546
106 807
775 613
101 736
257 45
769 127
719 759
460 219
888 380
65 368
718 448
900 312
84 398
840 697
234 638
803 812
695 842
333 378
817 98
687 291
589 510
459 300
79 570
340 643
330 595
820 549
747 527
70 431
54 800
367 214
448 595
417 849
880 284
589 177
39 671
422 237
461 318
213 531
659 648
290 678
572 94
350 67
351 339
758 43
324 460
416 830
701 687
299 333
249 157
836 423
565 751
909 866
880 73
146 56
96 109
811 310
903 324
812 335
838 97
153 193
157 793
344 31
55 677
455 832
10 557
500 532
325 793
758 97
