1000 9911
327 698
862 510
924 630
216 589
693 197
642 645
313 265
461 385
484 870
712 449
786 824
751 800
458 409
848 1
575 118
549 535
754 215
497 326
61 861
706 18
264 33
450 852
307 197
203 52
757 581
958 420
155 589
213 243
770 614
697 702
256 820
520 65
612 289
26 406
340 234
35 604
911 743
681 210
147 586
64 252
14 286
217 462
616 203
787 538
634 528
421 312
95 401
121 110
503 876
236 361
765 285
849 786
41 877
443 961
995 748
615 815
233 501
535 110
996 854
210 991
802 505
287 97
605 230
608 694
44 233
361 123
519 344
8 842
458 636
824 748
458 918
646 869
321 201
208 369
794 664
124 317
1000 81
457 650
690 1000
214 298
396 867
372 950
578 585
9 322
617 245
871 696
603 38
142 678
661 330
725 519
229 751
40 759
683 167
243 548
12 945
821 133
125 536
329 735
536 779
664 320
526 874
736 850
803 791
184 165
59 74
166 85
152 899
134 759
693 860
961 44
378 86
160 269
933 142
240 91
633 724
814 387
796 154
965 765
948 461
805 68
933 31
257 726
867 790
351 910
465 843
597 994
445 341
938 566
481 33
211 136
249 61
322 819
662 785
644 740
15 906
639 89
775 675
652 174
49 455
618 771
832 874
338 31
988 101
310 409
419 307
37 832
258 623
409 745
517 421
106 293
287 776
953 484
937 943
76 589
438 364
901 524
355 542
722 79
285 503
768 991
292 737
667 754
354 730
119 478
985 548
100 593
141 964
976 225
975 989
67 176
273 561
897 415
242 150
43 75
480 879
113 263
52 171
481 532
493 39
853 24
497 44
350 52
778 285
502 190
838 288
227 20
246 272
337 596
657 509
814 717
441 181
147 823
833 212
856 371
14 5
277 861
723 645
406 691
777 317
887 398
63 810
878 695
75 134
41 122
6 10
939 593
653 803
710 284
692 831
919 224
297 273
814 270
28 391
469 627
416 609
515 943
292 28
990 207
774 772
709 365
446 797
451 629
514 333
734 176
663 108
277 273
280 619
745 665
11 717
148 52
979 24
357 980
999 101
603 900
749 894
425 887
883 436
849 516
615 85
301 141
598 877
462 652
625 769
789 136
257 111
404 234
187 234
724 947
598 988
992 407
34 379
960 85
24 445
299 39
29 692
250 937
290 64
916 252
68 131
812 61
428 310
727 306
363 999
950 471
204 269
349 980
522 230
778 76
906 25
186 755
6 430
265 224
570 246
391 608
143 195
806 385
399 117
299 81
137 62
930 357
122 863
955 794
869 368
462 830
599 331
113 56
22 722
118 267
389 865
485 712
269 267
713 941
274 419
800 639
612 165
151 670
502 5
895 982
397 423
250 400
222 388
210 123
493 591
500 413
389 660
728 184
175 135
71 310
809 89
224 471
424 249
960 475
840 565
60 831
808 46
650 817
559 323
789 458
240 559
538 202
480 30
652 118
171 955
175 571
288 917
552 418
92 107
3 490
150 934
488 904
785 276
386 401
683 271
927 210
231 188
884 157
337 426
870 408
963 262
244 78
242 877
439 517
388 553
650 452
561 231
48 446
160 600
747 764
437 100
403 172
793 500
195 462
656 588
73 942
845 56
481 781
906 140
891 326
274 913
47 411
513 870
364 702
510 836
973 340
367 965
99 315
280 511
517 245
393 160
857 459
195 748
323 419
677 592
967 803
143 84
899 746
793 975
204 102
351 465
711 369
60 549
714 550
36 526
454 885
829 343
758 295
406 648
523 760
563 311
126 653
677 259
18 896
540 29
57 911
430 365
982 686
655 380
566 809
951 981
883 899
114 936
832 323
385 178
792 309
181 736
939 822
912 186
387 723
328 433
112 344
586 48
272 168
573 278
775 702
135 799
671 889
501 323
842 233
606 838
332 166
550 239
165 145
390 506
963 452
344 386
987 474
400 554
898 297
646 715
459 507
889 940
85 867
46 731
893 908
777 537
941 278
466 950
506 891
927 839
458 998
258 938
208 257
108 874
219 387
717 384
534 606
993 696
233 739
789 644
955 612
189 600
172 906
321 320
584 346
693 216
87 377
825 80
682 843
498 856
138 921
602 98
364 817
274 201
989 974
579 878
483 69
405 825
739 148
316 931
833 207
855 652
448 363
212 764
839 433
735 224
99 130
173 759
544 501
691 326
196 808
394 976
269 164
771 318
863 76
593 600
440 703
446 516
729 168
874 641
691 461
343 809
828 386
773 630
353 253
631 710
942 407
801 853
793 677
371 465
740 846
689 980
922 734
549 160
157 711
249 798
567 796
328 139
849 543
392 936
763 773
497 645
129 837
282 154
768 690
225 487
512 695
965 483
510 448
337 126
293 987
834 593
673 853
584 408
802 51
397 877
185 59
74 861
110 119
882 244
365 380
958 801
725 538
974 373
265 84
878 120
511 827
111 395
333 701
63 276
783 47
786 769
258 124
847 290
27 367
834 21
542 322
105 695
714 751
270 1
221 557
166 118
830 217
812 956
337 875
640 629
700 573
937 149
763 135
31 717
982 359
711 95
844 380
937 38
978 970
652 527
155 225
895 787
1 667
289 136
945 305
45 690
732 620
328 626
993 376
631 682
135 577
365 819
879 860
951 291
288 736
80 974
802 695
899 694
867 609
465 737
968 264
35 83
922 249
249 683
582 295
1 476
441 505
404 235
261 558
780 894
87 304
91 329
272 557
391 164
560 208
614 103
686 368
279 810
102 843
567 439
457 752
759 943
427 984
121 835
566 117
271 795
612 659
336 414
890 399
698 420
258 773
155 611
485 388
220 780
147 7
630 858
425 489
280 484
65 914
708 940
801 6
345 130
239 630
175 711
289 636
910 275
91 979
934 437
995 169
448 722
377 642
672 949
990 876
169 142
196 533
446 738
213 221
199 990
188 301
540 58
578 229
507 609
347 920
689 673
355 437
324 53
875 314
583 5
586 315
87 986
107 719
244 923
588 60
356 809
885 265
603 533
257 910
115 622
188 226
303 659
767 94
697 860
557 235
19 840
849 837
580 563
504 38
766 258
948 843
754 934
629 10
745 517
96 209
71 885
737 121
131 544
832 851
872 896
304 92
451 287
896 432
932 342
497 589
3 634
206 23
230 169
676 851
278 531
962 544
264 536
228 915
929 282
893 201
108 775
403 175
251 777
380 83
401 562
401 18
882 173
95 680
150 827
906 141
47 597
882 717
999 572
129 636
459 213
646 187
65 894
742 528
800 759
130 818
249 575
189 277
134 638
356 314
967 778
329 690
238 962
78 811
706 16
191 456
48 842
378 193
285 915
252 746
273 939
527 831
71 247
570 690
648 24
244 729
78 965
100 517
874 688
734 476
93 460
791 911
634 208
395 582
269 54
986 725
491 17
343 19
207 245
951 574
691 184
287 333
469 554
457 302
27 768
770 168
843 418
277 328
960 198
502 309
568 907
366 680
75 653
149 910
620 935
309 584
190 520
220 53
24 728
25 1
816 276
396 680
812 224
172 71
944 424
673 622
546 468
603 749
590 917
976 985
615 322
929 437
298 806
894 271
876 878
275 295
573 842
389 339
599 974
121 891
379 363
896 41
717 447
220 633
294 464
77 32
663 825
290 297
809 360
977 78
418 404
789 643
391 500
131 897
380 341
109 113
184 56
424 743
132 184
540 813
777 37
834 14
604 676
865 876
402 162
114 664
606 453
56 353
311 763
807 134
335 76
726 994
982 344
964 947
951 907
255 270
420 849
596 458
409 480
887 341
316 739
286 830
572 435
701 17
683 618
390 776
887 714
100 26
784 707
876 89
514 500
933 494
2 256
781 42
162 986
325 126
292 177
631 630
814 210
905 790
306 285
793 876
828 506
685 287
444 499
84 858
783 834
788 600
727 597
818 275
664 597
116 90
334 17
454 618
995 864
219 851
808 168
370 285
979 717
197 904
698 175
112 912
974 351
299 168
337 125
390 1
618 390
540 751
16 598
964 626
314 295
498 8
741 476
86 771
492 558
272 895
807 289
275 432
324 977
495 341
388 881
940 326
100 443
707 85
502 627
375 227
780 671
216 664
381 590
402 853
998 551
711 538
712 396
238 152
39 409
665 538
117 969
852 668
624 531
379 736
312 905
350 833
8 386
434 411
268 588
752 439
345 71
643 552
463 260
19 258
627 601
388 437
599 391
360 516
606 417
865 837
648 65
226 949
373 770
778 972
235 801
990 915
592 494
317 219
65 354
799 133
452 550
143 579
849 958
387 405
316 21
623 848
974 726
278 89
192 154
410 65
429 163
946 15
433 160
549 242
552 170
572 181
297 561
11 719
908 87
547 401
748 278
126 134
953 842
438 189
77 539
652 35
301 139
799 156
144 330
975 383
120 185
489 4
200 113
388 672
941 460
409 715
375 560
148 211
90 896
107 994
471 29
295 348
152 99
138 26
178 871
422 722
314 315
8 610
116 963
321 493
299 947
362 591
722 479
816 694
821 473
90 85
473 331
146 291
609 951
350 515
116 737
83 571
416 229
617 672
532 147
695 673
19 64
99 366
544 737
835 744
986 186
75 489
189 101
616 147
257 68
912 660
820 5
580 224
164 545
481 675
99 76
799 905
985 115
326 341
697 679
207 498
833 39
743 540
565 506
784 621
469 307
127 267
787 914
37 31
847 514
4 360
425 821
652 556
501 66
448 114
507 721
386 952
667 41
136 313
819 402
71 437
733 296
71 449
643 192
484 135
844 982
501 958
761 16
712 588
250 535
382 8
610 375
261 879
427 635
124 967
486 218
584 114
41 673
546 606
16 865
414 819
814 855
301 768
148 149
465 127
85 830
837 751
56 556
589 382
368 846
148 4
723 927
971 642
422 947
403 174
59 528
302 928
419 696
712 373
759 321
636 12
513 661
972 14
152 571
416 112
165 283
956 634
665 835
905 172
467 543
284 191
838 626
584 621
885 431
629 457
717 943
95 111
28 541
939 33
877 169
861 548
943 66
714 774
571 883
610 215
995 819
652 464
959 724
874 704
958 568
902 136
491 16
697 925
149 570
872 145
49 766
987 784
453 84
678 407
274 585
370 818
336 878
361 717
433 939
35 268
813 296
832 914
939 982
528 507
103 101
253 856
770 88
292 569
257 139
685 331
154 821
157 658
413 520
529 999
894 195
396 730
805 626
6 921
185 970
208 104
24 328
386 153
418 64
239 232
703 665
371 928
465 221
413 219
231 628
372 932
557 93
699 814
208 259
996 356
30 92
108 868
55 571
350 697
656 938
73 840
684 752
475 684
109 87
618 724
450 98
587 623
251 48
963 800
450 917
237 59
5 437
173 979
48 920
621 469
696 84
899 601
701 477
630 429
541 234
815 341
911 806
700 539
402 306
306 595
939 642
139 813
910 234
217 209
109 803
97 955
823 320
412 750
736 734
678 209
809 6
956 979
269 637
732 650
131 959
117 74
937 261
895 95
736 572
221 60
390 555
192 302
732 936
992 773
738 377
387 743
318 857
173 202
944 497
749 919
383 745
576 499
825 559
813 506
818 272
664 598
976 664
331 915
408 148
102 978
249 638
269 376
54 913
970 550
241 702
387 786
266 161
345 744
362 694
76 584
936 761
466 920
216 891
323 33
513 17
181 131
988 821
901 666
538 708
975 553
998 506
671 288
162 208
60 939
828 797
383 732
158 284
552 839
55 908
683 495
425 499
216 520
267 644
859 302
207 507
881 298
57 216
591 671
420 814
838 920
864 695
848 204
543 937
216 294
130 618
574 113
118 349
959 953
563 448
302 404
123 329
786 33
960 724
342 516
753 931
917 810
511 951
957 57
434 22
87 816
120 655
799 603
992 963
300 514
407 830
447 893
377 145
50 217
511 378
684 52
657 336
341 524
715 678
295 411
25 478
100 307
823 148
457 779
573 461
261 667
888 481
792 845
284 812
638 141
324 61
624 491
36 329
776 768
865 504
214 516
604 404
594 94
508 144
733 937
755 913
370 145
315 752
320 793
542 849
967 732
824 534
971 665
877 406
959 392
872 354
375 849
637 62
802 85
78 384
690 830
394 451
317 900
161 52
829 893
147 9
648 546
480 782
377 934
998 704
868 212
852 689
247 57
618 959
748 514
734 565
762 674
873 523
400 441
164 546
863 480
367 753
711 172
542 103
87 758
347 877
353 488
351 813
388 313
622 744
717 748
369 582
407 124
396 243
70 990
470 66
796 844
690 203
417 853
790 278
587 609
896 338
92 320
349 431
955 690
366 658
439 647
256 425
463 328
309 626
736 194
314 920
693 668
440 622
336 719
172 93
68 30
286 237
289 863
901 560
850 984
488 169
286 124
452 268
608 234
590 46
665 405
663 934
962 593
998 307
195 34
17 838
343 234
114 174
21 354
206 678
155 976
504 120
323 134
267 436
608 456
20 174
977 133
264 888
690 802
218 227
846 993
246 701
542 510
322 69
964 532
553 967
327 468
275 929
811 395
262 577
982 80
490 882
644 313
347 683
41 260
646 475
155 284
873 743
346 609
293 422
499 881
886 879
632 890
136 511
458 492
230 963
285 514
588 989
716 234
700 743
813 919
706 304
601 30
340 246
677 145
938 719
723 559
355 467
321 711
311 292
994 230
387 492
151 415
979 262
13 410
783 586
236 998
109 753
862 433
884 649
97 233
794 177
652 311
693 941
729 412
37 485
996 850
603 848
875 983
412 847
417 595
456 111
491 974
348 77
171 972
102 164
968 322
975 385
177 460
896 414
606 615
441 311
20 797
171 746
427 772
513 155
733 864
717 347
789 62
599 859
357 92
379 508
234 425
716 533
238 305
432 232
721 937
295 154
133 715
134 28
489 765
401 643
439 944
371 705
599 953
581 606
693 180
711 918
731 823
819 811
692 380
964 505
311 934
682 822
699 636
995 261
858 23
310 654
8 488
905 126
212 648
657 525
643 718
114 662
186 891
999 731
330 988
566 750
116 885
226 943
209 827
305 516
877 140
717 547
675 991
250 137
843 149
883 864
477 911
643 138
420 49
994 138
978 519
761 237
230 344
981 496
486 822
657 474
553 153
370 855
465 617
249 946
268 204
605 636
480 106
580 629
947 478
419 217
633 133
923 601
349 697
296 571
974 473
233 128
380 721
641 441
202 90
870 468
483 478
31 354
294 428
932 767
209 40
462 362
157 264
987 217
897 241
419 533
404 423
600 822
696 565
370 965
453 830
94 780
275 434
685 643
264 673
483 311
515 925
391 632
423 39
916 425
440 98
740 149
869 503
322 26
90 494
330 561
682 810
994 520
209 500
462 806
986 164
271 196
80 359
812 552
707 258
708 617
674 49
270 4
308 383
221 554
666 841
285 601
238 619
810 168
313 554
250 61
692 148
773 381
848 634
155 226
995 421
984 74
843 177
700 286
657 407
65 952
639 283
749 711
986 651
438 998
700 397
496 572
779 998
46 235
213 634
571 408
188 840
795 336
10 696
887 974
84 777
250 497
34 885
603 920
345 952
469 962
515 222
370 605
336 597
963 496
603 521
362 905
804 224
186 187
97 101
832 761
853 797
340 960
178 687
845 861
186 42
282 683
910 811
361 192
489 411
197 618
418 137
891 229
65 708
48 406
727 206
747 532
806 309
366 162
885 654
9 269
119 446
483 13
54 271
369 216
793 397
842 265
247 282
489 582
454 720
310 596
593 72
556 852
9 239
526 516
324 912
60 686
157 665
946 651
303 378
587 647
471 560
917 356
458 320
70 398
374 212
485 837
514 745
695 819
528 981
268 336
621 190
400 344
67 312
672 468
856 113
395 607
657 128
307 315
326 117
26 337
191 917
32 994
966 37
969 263
533 654
435 415
594 620
900 691
504 186
875 93
735 761
828 461
395 641
282 409
840 387
497 604
58 320
75 738
349 479
906 530
978 284
106 52
215 506
714 311
721 529
791 409
675 120
546 604
413 979
675 416
399 608
456 106
441 282
315 305
873 419
817 151
859 54
231 765
569 534
396 534
626 737
771 610
392 577
192 797
710 629
713 471
732 469
150 732
155 802
392 464
640 214
167 955
833 699
355 683
410 936
86 841
256 350
756 753
226 580
703 938
859 248
643 823
471 758
863 656
299 289
946 732
273 654
994 560
777 14
178 517
35 916
899 639
203 90
927 893
616 241
464 929
241 360
575 339
243 794
541 351
389 978
598 144
657 834
615 653
353 267
759 135
763 320
711 32
798 16
182 790
587 21
847 736
425 791
689 706
282 168
213 976
843 239
967 331
666 722
889 378
460 783
17 892
781 3
268 90
933 344
990 139
774 852
933 297
383 358
41 993
784 23
838 222
766 893
828 320
448 85
301 64
249 759
297 809
391 83
695 1
699 66
760 84
577 866
409 784
891 670
846 6
682 642
849 243
298 651
65 652
135 385
730 662
747 732
399 139
459 404
902 22
742 977
214 158
531 712
228 46
726 293
413 364
986 94
203 792
20 306
134 462
220 565
892 132
623 276
845 314
298 207
407 483
523 570
160 36
344 257
473 163
367 699
191 489
32 110
890 135
925 644
910 232
52 784
382 571
476 548
256 789
636 982
585 604
294 322
148 838
997 993
830 914
116 358
239 884
918 273
690 144
250 363
268 126
143 782
783 705
849 881
991 714
207 123
192 288
748 301
789 413
81 362
957 727
281 110
279 463
77 919
168 339
309 568
590 683
476 31
306 634
897 933
976 666
907 204
464 339
818 481
819 904
54 919
590 837
96 153
189 948
757 27
798 888
310 188
976 952
59 892
977 401
778 194
337 114
926 474
547 899
566 109
161 341
343 60
988 823
203 585
992 306
439 585
426 312
85 613
399 239
437 88
590 150
169 730
167 67
138 839
431 574
825 7
948 796
958 805
116 648
528 44
587 525
492 463
275 918
77 803
561 670
345 219
843 884
222 371
96 803
780 216
925 326
998 772
939 281
56 455
835 617
928 69
105 815
697 648
867 88
82 498
921 115
411 238
817 837
433 618
634 164
762 977
198 197
262 91
594 758
212 714
801 644
417 847
770 447
805 244
178 998
754 732
144 16
560 648
978 379
211 24
49 405
912 21
344 631
326 955
510 36
239 622
776 548
742 371
745 557
174 255
358 104
969 213
452 89
187 112
261 665
505 533
257 98
367 488
211 596
808 507
486 494
48 692
661 58
68 19
186 410
621 35
617 918
229 88
492 766
272 719
802 83
16 708
91 152
722 973
321 403
714 928
509 538
458 540
919 889
825 675
427 267
359 844
603 146
61 706
686 931
652 593
857 355
916 684
313 465
151 945
333 558
373 705
246 369
998 800
17 309
1 936
626 499
113 140
60 397
133 343
725 397
174 637
998 947
126 666
734 341
40 865
972 346
793 352
320 145
250 94
982 647
148 911
365 639
682 323
921 649
518 997
622 601
532 833
259 191
957 460
705 147
482 812
1000 817
732 588
370 781
829 242
170 913
429 132
909 186
876 307
861 129
224 202
442 369
995 583
410 211
175 149
550 519
595 410
641 785
837 57
918 322
42 861
854 788
266 773
470 557
720 712
404 139
22 1000
46 704
233 95
340 997
604 122
586 989
237 639
457 519
186 463
993 949
775 21
667 692
828 859
512 371
340 852
662 554
367 125
899 44
928 739
641 943
324 320
181 249
993 663
223 161
464 67
951 654
122 268
432 929
218 126
509 589
955 607
12 680
548 710
643 822
536 134
242 50
371 517
377 576
48 608
289 266
221 847
935 151
902 996
194 393
857 383
587 674
455 50
386 599
192 746
996 978
981 934
48 846
565 295
246 460
714 946
71 243
327 133
991 418
773 891
106 706
568 339
536 753
791 907
334 978
575 560
288 522
372 263
923 160
338 384
247 752
843 457
295 882
921 391
975 252
188 130
10 750
905 766
528 367
839 925
455 916
171 945
705 409
323 522
987 563
404 841
5 872
885 144
941 222
598 831
250 665
79 143
574 866
714 385
25 5
634 515
861 312
438 491
422 940
6 815
832 546
745 263
708 413
655 694
582 498
620 577
161 332
119 131
823 211
572 700
903 68
851 495
634 997
926 511
859 904
358 87
647 67
944 138
283 885
644 561
640 179
181 221
38 638
220 629
212 837
564 530
447 190
170 18
547 355
556 910
134 316
640 465
915 217
664 471
173 959
545 84
850 247
290 638
327 442
186 918
907 986
549 565
187 860
170 386
868 381
105 879
52 866
910 467
445 397
122 234
70 890
554 191
743 545
264 289
359 344
431 191
753 789
572 318
349 243
41 802
118 816
446 875
359 62
415 504
199 593
735 675
810 758
923 317
983 741
822 557
241 960
619 693
865 14
442 297
6 606
109 176
766 350
803 208
700 184
477 369
813 503
872 845
942 229
410 442
654 729
664 601
348 194
318 958
559 612
963 423
799 53
432 45
361 89
237 694
721 745
719 866
779 504
72 376
426 406
851 395
500 731
739 625
569 702
596 611
272 740
441 51
831 346
786 713
270 462
567 332
702 831
42 926
846 829
833 610
941 535
446 143
323 320
782 56
540 623
159 895
109 448
440 211
385 726
248 924
631 988
40 616
520 338
630 541
401 169
687 703
564 42
178 861
217 129
972 311
568 412
677 198
172 474
790 559
536 698
852 860
834 419
731 809
596 511
934 846
370 919
169 448
26 379
173 504
834 466
666 267
369 697
601 374
231 23
32 567
239 760
560 649
460 935
500 212
944 231
419 102
59 223
645 828
729 587
315 588
974 871
837 612
427 672
352 161
315 279
279 688
214 539
654 804
346 387
642 884
720 636
495 38
43 481
742 45
580 152
529 718
429 769
300 359
250 857
417 69
845 189
148 818
99 551
760 875
564 603
985 522
14 677
399 194
35 573
355 798
263 621
293 732
39 40
167 247
213 581
66 454
587 552
497 225
521 138
388 119
579 156
17 667
626 97
826 559
425 142
869 715
339 592
708 591
271 331
502 594
106 475
359 642
517 496
773 774
68 760
728 271
235 769
592 462
810 754
689 676
567 671
274 718
204 659
596 381
979 367
926 810
524 214
179 887
115 533
537 585
865 340
829 241
871 410
874 394
973 295
143 833
681 298
666 414
116 329
889 62
185 487
326 932
202 670
779 738
572 955
115 768
885 300
391 421
709 254
162 339
606 654
573 607
813 80
525 732
908 292
893 994
901 573
741 318
488 172
50 655
842 691
125 186
950 437
903 319
238 395
67 225
824 420
364 549
561 698
589 92
103 294
169 529
367 850
280 342
963 955
391 578
894 577
971 484
459 200
482 488
902 842
480 813
981 835
51 386
330 631
920 661
743 969
834 39
411 794
621 493
17 647
894 803
753 189
860 998
535 562
60 542
900 93
725 416
265 706
26 666
469 354
623 577
327 132
813 462
114 595
388 280
562 767
840 997
736 296
94 32
739 429
10 909
83 337
109 236
247 578
533 672
236 352
2 168
404 628
442 419
435 34
61 395
84 988
638 415
819 355
179 960
400 725
165 868
791 217
225 130
667 855
561 491
303 547
567 822
659 980
318 899
375 726
211 305
893 789
689 81
823 78
861 311
405 209
301 864
45 347
565 676
324 278
170 528
82 736
599 965
141 985
83 553
169 764
59 560
651 788
413 505
237 789
540 516
9 212
1000 1
748 679
621 687
603 172
595 859
237 166
717 156
425 292
354 386
191 309
947 683
419 950
393 765
578 405
708 624
985 397
490 853
952 194
240 67
907 810
545 806
394 986
109 799
274 372
94 141
166 302
848 913
942 703
302 350
303 899
108 89
880 2
843 150
369 515
247 550
395 921
363 45
554 990
391 493
528 317
726 560
280 321
314 867
454 279
295 785
645 694
813 724
439 617
926 909
892 927
676 220
954 474
520 928
831 816
905 523
219 904
700 185
884 910
956 275
769 507
487 699
61 220
791 451
426 629
337 342
472 694
197 994
242 717
12 441
163 831
922 410
318 665
859 919
141 876
73 526
241 412
883 29
464 125
82 708
660 94
295 549
626 777
898 728
539 898
827 909
833 609
191 75
926 250
17 924
739 767
623 84
890 741
284 430
548 799
702 300
170 69
103 781
195 682
956 591
294 34
901 90
248 780
872 198
601 776
17 335
570 533
425 724
540 957
887 22
389 43
123 333
523 784
904 976
393 40
710 388
895 904
473 863
516 69
809 981
166 330
773 690
766 959
941 392
696 449
491 79
554 803
757 117
813 534
26 376
796 868
9 622
909 3
821 727
606 87
273 289
438 997
24 857
648 307
26 235
247 699
982 970
586 483
454 371
537 541
520 973
614 477
830 750
585 809
755 601
537 654
461 393
716 437
193 660
809 202
936 812
441 402
314 896
975 469
372 190
546 567
698 874
71 796
202 605
580 266
230 135
185 276
965 304
750 958
732 93
551 699
189 982
25 469
638 915
340 818
915 596
238 381
534 318
348 453
83 865
797 648
599 796
547 929
640 205
513 113
424 872
441 78
684 254
171 469
155 968
315 82
87 217
717 66
365 8
194 129
980 992
507 129
623 104
988 571
113 983
185 450
638 559
275 177
777 23
119 78
798 703
588 215
887 69
970 403
133 341
436 442
23 362
317 137
861 588
18 806
493 584
921 655
961 158
563 254
36 838
455 652
313 518
344 652
945 386
230 660
938 184
250 318
509 451
314 723
667 221
84 953
321 537
715 745
199 536
283 170
793 73
150 36
995 585
982 833
336 748
492 199
257 162
774 649
166 818
25 446
743 867
373 470
803 235
846 271
409 904
564 964
380 677
417 405
91 314
188 572
409 825
529 536
270 762
253 2
552 711
590 899
771 615
133 578
408 127
500 749
232 259
819 883
292 721
315 528
816 987
605 697
695 333
954 953
350 710
925 648
98 276
252 60
678 512
181 104
806 112
831 226
393 88
471 755
973 333
521 340
494 764
578 287
996 50
947 590
566 484
90 421
402 41
777 51
643 726
705 817
856 643
543 877
982 455
913 332
231 507
330 854
458 355
60 403
562 621
874 811
835 547
675 854
400 296
776 211
460 548
929 320
236 67
553 391
486 431
659 555
786 263
71 275
242 574
411 502
733 263
236 353
628 611
40 12
743 370
966 407
544 190
610 929
891 745
340 694
452 936
720 904
314 969
488 604
895 277
680 346
93 827
372 246
618 138
871 236
802 981
396 678
44 112
944 430
376 864
181 313
989 402
388 613
747 576
180 711
590 14
392 463
713 577
254 547
517 593
531 498
962 288
143 147
366 456
721 79
61 550
837 526
545 505
750 434
665 512
522 923
62 80
262 662
51 481
471 516
40 654
402 13
332 462
69 781
597 893
847 818
963 581
748 981
221 627
226 939
338 689
565 426
930 761
772 244
795 189
317 177
360 716
416 750
254 694
147 622
666 642
518 931
682 887
325 215
813 578
473 420
266 647
249 965
382 174
197 429
698 642
793 686
244 840
814 212
230 303
267 307
752 730
144 70
95 805
514 281
461 761
443 82
196 378
289 584
941 192
616 985
227 991
992 120
191 278
975 353
64 523
564 348
528 250
654 846
548 245
642 878
997 842
305 384
676 657
826 98
475 112
202 792
519 453
741 373
264 583
854 572
604 211
162 122
642 944
57 400
258 905
372 10
764 809
896 11
54 295
756 645
194 186
429 84
635 941
907 538
952 385
579 162
143 405
96 806
777 75
248 781
377 751
949 333
24 745
611 354
61 925
635 120
229 711
322 427
584 938
381 908
865 836
867 93
100 628
506 175
677 196
476 751
882 514
659 84
499 986
176 996
724 289
27 51
800 241
451 863
877 509
148 869
593 974
889 471
670 858
766 527
37 327
424 355
386 65
574 438
80 822
796 916
780 305
451 637
235 210
201 70
849 850
226 499
908 77
417 686
421 84
555 896
348 898
849 387
922 81
599 502
824 991
994 496
382 97
457 782
885 342
832 846
745 419
817 30
432 124
159 251
880 634
439 795
97 352
996 628
726 929
709 169
879 281
702 802
8 778
408 100
711 944
582 568
306 895
660 274
239 47
426 392
928 730
33 314
146 635
445 557
271 913
309 78
863 555
829 903
21 698
483 343
33 248
437 298
501 615
941 906
623 216
826 442
45 674
80 168
423 984
264 959
156 245
777 530
187 775
285 791
949 304
808 700
313 470
333 555
1000 376
110 519
35 703
971 169
19 292
531 290
117 713
812 927
890 331
765 162
407 10
781 313
750 721
809 48
661 959
154 359
282 848
696 478
715 394
143 941
628 921
274 716
774 989
724 436
567 686
714 206
880 218
496 286
840 568
40 416
847 479
942 65
628 302
297 672
561 339
447 626
525 945
289 624
549 498
704 357
263 28
763 962
382 492
862 538
223 808
663 735
78 37
232 501
84 638
547 126
146 957
435 972
358 615
353 619
284 979
50 653
825 753
437 251
877 71
760 794
155 806
115 331
393 893
696 514
509 729
354 666
502 514
980 918
711 698
103 737
144 244
421 717
5 185
423 158
982 139
855 251
696 864
739 898
497 19
189 445
555 364
394 627
858 60
15 97
860 706
455 158
256 624
441 692
540 704
463 691
69 808
821 217
789 881
588 524
140 171
685 737
714 558
967 144
808 551
238 948
907 700
988 423
155 384
583 960
655 471
783 258
308 674
40 832
958 316
636 974
766 869
217 360
549 236
4 330
597 981
744 631
563 221
113 980
616 689
321 587
143 822
183 869
184 701
516 451
809 351
975 808
560 595
5 834
671 865
763 640
693 985
892 996
797 88
721 232
712 765
987 421
453 257
117 149
685 214
63 582
817 38
824 774
146 782
399 576
883 229
955 176
663 739
647 158
462 480
685 274
585 339
146 929
418 90
367 45
314 155
280 103
832 596
998 321
895 146
642 941
607 983
663 961
28 711
548 519
966 882
208 895
185 31
829 862
688 130
191 81
581 601
177 899
678 557
826 272
167 40
674 220
697 37
237 164
455 237
464 320
851 812
489 220
468 648
251 8
369 197
260 124
43 772
252 662
695 788
131 489
728 427
319 544
100 879
711 226
437 949
518 646
117 641
597 151
834 299
565 425
89 480
17 387
53 581
681 164
648 59
98 110
778 930
502 244
361 992
216 29
933 6
568 300
960 492
227 703
247 544
892 699
338 355
67 803
657 477
396 7
22 678
349 97
98 291
378 531
126 365
477 221
962 959
414 310
72 809
555 820
684 314
903 374
803 162
392 831
202 919
126 890
788 325
119 691
272 584
851 396
68 994
750 642
570 108
76 469
563 264
109 851
512 429
431 854
626 775
534 626
719 562
451 140
671 447
656 908
631 427
137 9
123 240
695 602
540 665
156 146
507 142
790 849
592 40
331 92
705 847
543 919
406 270
166 110
919 420
173 834
445 61
686 428
394 877
665 425
296 275
994 470
244 745
80 634
338 658
401 259
908 522
636 903
710 506
678 100
65 379
620 403
145 451
518 908
154 435
942 328
821 725
678 326
149 636
921 467
265 843
268 30
783 483
641 80
98 711
170 840
287 147
538 255
814 96
429 446
987 636
897 788
612 839
205 663
633 164
230 42
103 312
395 67
736 171
157 453
289 693
381 39
509 978
779 54
106 270
241 557
940 3
45 417
48 395
195 76
413 157
586 647
769 493
509 820
682 582
907 347
266 417
894 729
327 712
392 279
234 652
567 219
312 78
506 268
777 769
381 225
185 305
631 316
253 774
824 88
721 118
733 283
701 287
868 304
635 768
853 68
564 9
410 173
73 913
406 340
140 384
268 333
105 949
269 228
786 398
715 60
17 228
292 426
899 194
619 809
267 259
991 761
528 263
951 287
19 848
671 652
732 878
37 604
7 372
245 375
49 6
515 289
37 557
22 339
138 372
590 247
400 711
475 157
777 667
120 220
637 265
802 830
648 897
77 729
788 937
285 261
323 110
125 198
626 621
475 955
647 91
579 289
837 633
215 53
254 517
459 495
557 362
526 715
855 5
802 115
911 279
369 510
481 772
285 216
986 71
843 722
490 180
836 712
99 290
885 911
412 221
323 674
716 435
899 725
403 258
753 178
271 315
187 820
562 946
743 859
464 643
84 436
268 531
127 502
146 179
75 27
459 952
317 58
696 157
902 661
320 241
563 175
601 96
17 55
199 843
147 596
776 164
500 506
943 56
899 62
390 951
905 657
871 298
164 562
93 230
804 496
951 355
554 539
663 674
331 654
334 355
300 855
926 551
230 400
21 298
486 110
287 107
144 491
326 903
562 145
357 787
106 21
380 596
107 756
789 358
42 829
685 213
759 868
713 148
881 874
310 58
909 670
234 256
56 608
510 429
304 842
370 320
557 172
945 842
565 673
283 789
932 592
94 907
756 316
793 302
613 149
484 95
747 723
569 279
20 217
466 786
894 529
494 131
756 722
209 369
345 337
169 899
811 92
939 163
812 691
924 789
301 942
378 267
910 288
587 757
74 512
437 658
367 593
384 33
962 569
506 439
179 327
593 693
21 836
176 238
288 221
910 777
406 685
909 314
527 255
325 947
198 323
435 143
300 759
454 104
790 502
4 303
667 121
464 796
281 386
69 335
620 176
224 509
629 263
283 418
593 905
83 479
670 911
306 91
442 322
979 153
687 328
819 320
366 733
457 135
300 827
158 681
823 137
914 743
997 662
362 927
568 798
771 899
591 2
480 334
262 266
927 12
141 647
471 128
699 101
242 712
572 63
790 328
360 259
508 139
825 703
722 209
342 262
915 938
738 807
931 436
327 743
666 311
134 141
502 587
690 789
765 335
622 296
289 212
322 720
13 677
786 999
90 488
588 351
170 710
19 44
76 11
192 520
726 563
677 543
753 233
181 832
94 419
683 130
412 436
394 667
839 511
968 764
568 589
130 613
187 892
795 893
902 563
62 172
341 507
614 543
950 815
754 356
472 146
633 879
905 600
266 726
984 511
876 181
142 401
753 646
62 744
144 21
188 835
257 810
130 88
956 236
336 813
819 769
637 913
896 687
749 995
236 570
898 85
82 208
746 891
304 218
586 192
537 316
332 648
793 938
376 188
875 31
680 276
594 198
137 543
257 406
962 725
300 460
29 650
676 695
751 349
422 14
3 66
564 262
160 566
930 38
241 445
497 779
831 378
137 330
321 485
161 92
750 270
20 145
332 163
302 720
975 955
100 71
854 312
46 869
394 458
971 508
368 663
184 202
940 433
172 587
191 249
216 491
143 122
312 62
204 116
613 784
852 696
122 989
412 105
506 380
967 793
277 933
136 123
601 873
989 381
955 16
473 158
562 185
85 41
623 553
113 272
136 345
49 1000
639 455
506 193
235 773
204 568
727 524
905 491
741 586
843 339
992 631
829 156
524 750
395 930
838 458
879 778
951 745
499 726
351 601
979 224
945 272
283 681
196 670
607 424
668 155
923 505
652 153
712 628
725 486
608 677
461 703
594 306
727 676
233 288
954 256
266 782
819 598
915 663
573 603
298 639
6 836
224 945
28 976
159 366
989 395
63 770
228 994
673 970
746 128
105 24
286 103
778 573
293 777
3 818
906 80
101 44
124 387
752 988
141 945
299 627
548 636
368 548
406 738
665 696
650 44
540 337
982 137
125 920
143 41
169 934
122 910
837 811
424 756
522 885
725 330
748 605
820 114
96 992
939 356
423 591
339 624
29 500
88 816
437 607
791 672
388 373
834 197
739 64
499 999
833 27
118 15
754 477
89 315
772 162
204 604
444 19
264 409
433 262
489 254
515 832
391 389
504 877
549 33
878 855
771 123
184 703
396 942
41 858
334 753
938 694
562 428
546 809
404 999
280 685
135 738
870 886
248 225
780 74
653 212
50 875
72 783
901 647
615 6
658 765
404 197
757 337
10 348
73 152
180 940
550 774
534 411
428 210
871 894
965 501
362 858
237 606
932 706
684 419
133 675
232 354
560 96
797 333
300 299
825 917
603 386
109 564
509 763
57 490
111 155
348 876
315 942
543 270
742 985
980 60
954 715
223 450
170 218
959 94
198 644
401 422
498 846
155 723
375 52
137 443
109 104
789 620
575 415
498 929
281 957
189 545
109 249
94 343
112 338
999 720
360 529
742 919
705 899
388 361
706 508
265 738
807 606
956 884
260 803
464 453
304 755
639 415
295 675
469 499
587 48
273 168
946 889
614 715
905 547
631 430
505 455
606 127
809 159
495 740
687 218
400 68
370 846
634 479
852 394
675 691
552 70
611 997
957 721
681 209
376 50
712 652
676 47
605 223
328 181
201 137
150 338
79 168
926 659
92 37
438 89
496 842
171 702
172 397
101 571
768 652
721 748
315 383
484 286
360 260
177 370
73 673
83 861
261 466
48 481
450 269
693 511
306 449
627 119
11 324
39 178
741 84
589 96
363 984
764 10
877 805
146 327
630 743
649 420
777 255
541 78
602 76
216 447
821 238
591 257
311 816
632 731
222 542
428 792
142 90
681 705
783 124
412 292
41 276
491 293
952 849
91 751
636 897
339 286
512 636
250 183
809 106
168 126
593 963
558 943
670 857
50 126
325 200
435 392
771 34
828 177
313 996
173 260
230 383
657 447
236 676
790 253
46 93
568 989
853 965
720 964
666 54
210 922
173 38
986 795
907 145
267 62
110 626
71 792
130 575
443 337
542 959
979 771
263 74
600 588
413 889
175 782
90 998
189 978
124 265
140 614
345 716
141 827
414 236
493 333
259 813
59 527
243 346
996 292
138 146
360 30
858 261
52 380
436 979
484 999
954 643
795 653
634 34
892 91
532 530
234 797
639 920
79 444
48 969
748 634
490 774
414 680
477 524
100 821
161 671
364 898
171 389
114 729
385 983
191 559
937 41
105 810
89 429
17 440
255 376
368 84
867 122
264 367
283 29
117 488
753 492
448 75
654 175
70 982
64 805
218 877
938 610
136 696
46 159
838 459
469 540
932 132
457 124
554 914
68 981
724 38
83 406
581 379
247 667
661 995
509 432
869 805
454 339
793 875
886 374
961 557
532 686
552 30
370 745
279 525
597 626
585 90
896 539
948 972
127 711
989 232
439 203
483 811
673 751
250 766
253 173
309 747
555 46
299 43
906 895
300 34
317 840
114 176
91 431
65 279
662 272
77 208
161 769
957 876
392 584
655 713
50 648
824 587
241 463
209 105
727 235
407 993
343 226
848 320
223 600
557 360
264 657
704 783
591 569
705 747
997 323
798 780
602 149
773 50
703 177
65 229
216 375
415 825
474 863
155 276
171 830
798 558
571 940
290 769
437 606
477 641
307 872
117 682
689 167
725 427
174 675
912 632
804 574
113 307
477 818
282 768
784 578
506 226
754 572
661 976
745 915
965 790
710 339
572 272
866 53
926 779
476 236
67 873
64 406
980 172
33 857
965 944
967 963
509 340
494 334
535 98
927 500
822 714
228 691
464 365
193 848
250 675
470 720
876 563
35 21
628 444
663 655
764 716
50 586
845 909
168 513
722 88
484 379
290 44
325 56
663 621
524 309
599 148
656 645
529 649
756 318
964 195
56 832
38 624
20 219
288 874
167 84
594 320
959 456
284 720
727 124
52 308
509 619
185 397
924 992
281 866
626 192
470 172
578 383
262 650
925 458
393 201
915 76
75 475
989 963
170 509
172 675
587 324
184 177
757 413
653 593
624 719
881 240
592 365
847 943
280 548
361 852
209 629
153 576
669 664
116 112
861 944
64 212
675 596
715 343
572 308
256 494
169 383
481 61
541 719
143 791
936 23
115 560
760 443
540 393
179 547
699 296
818 531
455 886
629 39
79 58
901 222
836 903
619 17
586 170
935 973
183 104
216 193
944 352
628 459
976 657
224 982
637 350
206 97
864 38
607 790
811 609
618 125
660 378
458 958
628 182
43 264
225 621
358 710
759 589
155 995
48 369
341 980
342 375
569 305
641 204
254 579
556 985
958 861
996 144
600 601
752 884
256 285
466 211
995 472
700 682
88 604
87 278
678 735
402 986
95 891
557 594
577 150
622 8
808 708
791 517
683 132
901 69
908 986
599 409
490 965
784 721
114 517
499 817
527 221
621 210
89 449
916 868
39 983
653 855
468 99
35 512
108 186
171 325
583 55
634 30
905 606
984 449
93 610
17 142
238 306
865 322
211 176
448 782
784 936
595 208
311 149
757 69
81 748
606 890
495 985
103 164
287 45
820 571
970 865
612 834
495 846
633 169
157 593
12 372
901 763
404 254
336 732
780 881
271 590
782 685
59 800
79 429
926 430
224 500
440 697
65 732
90 825
418 332
473 104
648 717
495 258
760 881
427 98
754 690
952 323
514 422
498 181
685 735
320 701
281 681
104 4
588 763
698 282
406 815
25 684
700 413
475 540
762 568
344 337
470 273
19 187
920 558
634 393
247 161
854 139
782 212
364 899
38 68
683 881
308 163
635 24
1000 651
375 285
35 734
479 895
660 551
278 422
213 851
674 711
434 160
625 179
790 461
402 386
204 570
903 870
544 167
763 301
696 482
654 757
576 840
408 746
80 647
429 876
378 884
326 252
719 383
261 947
120 803
193 553
625 541
435 532
697 873
741 868
27 686
121 191
358 188
123 793
2 992
554 693
370 742
867 646
671 798
894 173
578 279
370 633
649 765
422 955
629 817
408 213
427 787
963 357
780 789
983 894
992 403
775 18
957 875
778 286
51 972
270 622
335 728
194 988
565 763
323 749
220 616
337 387
924 622
281 532
835 93
565 876
220 134
952 351
769 383
76 367
144 456
522 17
760 764
798 994
693 200
342 46
659 344
256 556
963 846
530 407
330 625
913 438
455 43
437 556
132 94
868 320
319 520
89 31
914 24
505 772
990 823
402 196
659 59
170 312
818 764
856 311
506 112
969 632
845 518
668 94
619 1000
771 667
877 304
715 477
807 517
973 797
478 133
748 35
487 201
873 377
634 86
948 540
957 346
766 730
573 298
22 16
135 787
248 227
176 832
959 947
732 845
988 231
366 695
224 92
745 494
732 252
992 81
741 634
79 327
999 310
237 715
589 566
229 407
893 896
106 306
343 419
38 663
885 556
725 839
870 432
864 204
929 322
695 319
266 140
94 628
439 658
371 712
544 982
694 876
254 695
494 134
43 90
389 122
873 799
930 334
437 366
848 75
310 221
462 979
565 98
893 437
234 850
4 982
441 724
170 506
526 887
165 293
223 115
207 670
647 909
27 268
263 900
527 75
565 260
511 200
320 161
283 87
710 402
937 54
496 418
773 856
657 183
306 95
930 869
873 74
615 608
463 215
844 562
712 72
667 235
671 547
1000 880
805 169
866 841
426 970
923 306
227 897
124 803
679 977
851 84
410 274
474 577
24 656
277 226
336 610
541 897
926 657
803 166
704 417
564 953
525 653
504 327
875 712
159 147
290 222
664 975
58 98
23 672
281 257
430 674
226 183
590 183
447 485
566 101
368 896
640 782
501 876
673 865
11 326
103 724
821 345
20 448
822 130
241 359
983 33
744 330
561 948
247 265
428 613
600 942
267 545
677 826
492 432
593 91
599 197
473 485
990 578
510 904
862 472
958 188
873 900
234 950
535 914
48 958
910 434
421 9
750 173
761 596
672 227
467 481
29 442
17 466
291 655
776 1
26 416
504 602
784 636
892 501
776 392
382 607
308 455
434 12
540 900
827 559
482 768
909 61
680 987
799 466
875 104
514 350
418 619
770 244
240 673
495 619
813 306
226 396
703 55
457 160
443 117
762 413
196 347
973 375
266 544
576 297
998 80
177 434
327 260
768 763
720 740
612 978
903 231
798 459
637 353
234 308
401 919
793 201
957 838
564 780
105 33
103 538
968 97
823 829
610 669
920 196
7 208
285 430
915 40
111 108
276 151
869 48
1000 161
674 62
12 697
986 508
790 946
811 251
774 13
388 856
461 318
246 572
928 445
211 811
215 883
150 922
445 778
110 753
545 420
677 687
894 959
346 881
865 967
60 679
686 105
941 790
377 541
815 485
344 338
289 471
511 750
347 601
421 242
208 769
834 77
492 201
353 848
123 367
469 343
666 549
867 124
463 873
722 698
122 45
150 257
363 205
12 325
562 677
834 414
174 871
913 21
571 721
607 247
330 97
352 681
973 969
26 166
245 82
306 246
178 992
58 631
903 616
225 14
740 955
895 637
942 74
505 735
70 257
571 245
127 880
40 308
314 831
391 209
49 58
306 427
202 744
739 193
685 237
558 389
500 981
803 126
112 757
119 710
174 509
970 874
805 677
404 2
479 718
150 634
337 33
101 216
819 889
470 775
456 214
368 889
214 551
457 664
298 668
673 952
646 671
879 30
523 218
425 157
177 922
89 939
289 32
294 307
575 134
557 503
566 335
332 918
368 694
20 295
333 744
371 525
157 354
764 76
838 847
485 573
252 280
380 325
424 759
522 880
213 419
911 934
604 724
753 182
181 645
807 849
669 912
532 708
786 204
716 141
420 978
97 571
705 932
613 531
62 363
490 538
677 310
238 552
166 261
187 886
80 582
820 258
147 600
214 459
635 737
170 603
500 454
172 161
287 416
182 670
184 723
22 823
790 200
115 598
296 924
211 107
283 694
177 143
992 289
269 887
776 533
740 814
466 103
526 451
790 128
880 985
594 875
225 244
173 108
157 615
49 38
706 649
396 717
749 825
145 971
590 711
594 250
760 238
558 417
851 153
484 406
376 247
598 934
200 37
163 187
510 326
423 373
872 631
817 170
264 593
446 953
109 582
820 964
147 508
419 611
771 726
37 185
205 14
624 922
907 278
926 118
267 951
200 402
594 318
557 330
116 526
356 29
673 821
933 747
453 977
203 898
955 627
960 775
725 521
891 369
894 758
165 450
147 75
366 445
26 824
855 779
488 331
34 747
199 231
365 251
385 883
939 308
200 814
26 730
62 180
86 302
454 834
626 307
744 698
672 55
527 251
584 771
537 895
661 897
776 245
445 502
532 658
478 885
22 864
792 895
406 387
300 642
601 497
491 233
540 276
302 67
771 88
761 100
413 735
842 175
699 298
628 764
645 704
499 256
762 390
926 519
13 726
328 702
240 612
795 268
225 272
10 492
729 736
363 657
586 827
89 833
442 19
465 402
486 360
586 906
163 855
366 946
394 629
868 528
962 717
769 107
533 242
148 80
479 518
315 737
10 81
29 851
512 307
72 490
271 778
937 810
495 488
171 494
688 212
906 23
104 923
190 54
341 978
931 440
136 841
848 266
522 71
485 403
878 154
825 14
539 776
703 21
741 162
13 673
30 321
531 860
60 668
670 321
322 131
251 43
877 947
379 788
365 223
402 107
757 749
740 509
597 446
743 782
660 670
95 27
746 942
669 856
485 855
566 704
400 487
274 448
26 417
118 219
874 877
160 295
715 23
459 725
633 642
585 615
126 577
118 674
22 780
892 724
625 503
421 738
169 345
84 940
571 236
575 258
41 919
480 145
872 443
652 241
230 461
250 519
605 143
145 625
644 605
224 150
137 485
681 669
90 707
987 627
714 281
382 107
348 15
367 285
510 301
741 544
488 922
45 253
624 486
880 624
475 180
955 142
314 122
22 315
79 318
745 310
708 334
600 591
54 912
432 193
618 855
567 21
457 530
775 40
395 466
375 516
358 722
196 137
16 543
751 345
862 834
721 862
172 146
390 217
506 964
413 152
52 456
115 360
962 499
397 900
409 751
366 27
446 83
825 42
76 212
61 616
578 306
760 593
890 512
392 235
602 188
930 375
347 555
403 493
385 778
464 269
707 347
673 479
982 67
14 209
221 746
401 252
511 745
645 17
39 262
208 532
762 681
502 996
378 190
126 816
933 790
441 636
761 631
247 848
468 931
855 529
706 291
929 512
352 571
814 453
766 962
268 473
197 333
951 628
61 142
149 554
27 898
211 225
781 21
965 840
947 213
197 478
770 806
287 667
249 150
390 607
149 780
245 188
406 149
980 250
983 677
437 848
920 12
420 337
439 87
907 483
978 487
211 428
140 848
202 745
301 227
721 664
119 705
101 374
428 234
360 304
256 334
285 102
555 529
865 188
15 683
788 489
708 240
134 47
974 265
64 791
341 537
858 373
968 237
56 935
147 336
591 405
81 436
211 857
731 30
502 542
76 361
705 639
208 125
146 379
760 698
77 785
778 372
318 5
502 806
319 852
30 665
172 984
199 258
751 817
132 201
1 631
985 441
819 786
921 929
992 910
152 950
449 244
87 574
844 475
994 296
152 805
395 772
79 751
892 574
226 224
283 689
729 207
767 259
605 420
843 371
666 728
245 53
141 218
400 92
952 729
740 856
615 860
676 160
338 155
158 694
426 758
478 711
743 73
12 175
558 188
185 613
645 909
633 359
871 229
488 978
140 715
534 415
591 218
349 731
409 798
162 510
69 485
384 44
214 108
600 694
30 57
379 393
340 881
694 64
24 114
186 984
190 419
465 224
447 80
530 836
162 192
534 616
370 95
7 936
67 197
827 758
379 215
920 987
926 622
578 715
228 464
640 426
996 389
4 833
955 739
905 26
825 211
94 456
475 582
226 832
669 962
835 486
359 540
750 151
881 100
938 997
852 611
800 14
873 712
583 781
626 304
321 926
308 652
757 987
196 497
467 293
892 578
72 659
554 823
634 249
815 44
670 865
819 425
253 701
111 774
5 910
984 407
452 725
14 628
131 118
700 83
710 92
988 342
625 564
461 754
957 749
737 214
672 611
841 108
22 429
847 482
121 486
68 187
784 252
508 418
932 268
633 259
962 859
944 498
581 995
695 127
239 163
371 27
872 596
727 334
380 859
315 351
237 574
38 689
646 816
918 949
133 643
559 845
711 858
158 110
896 147
39 217
959 408
444 955
160 926
677 855
805 693
220 594
811 145
149 474
298 996
427 136
925 137
449 368
234 658
453 948
20 361
151 705
445 996
483 177
817 657
303 506
929 63
994 543
71 445
319 876
285 780
604 750
697 436
308 322
731 833
320 272
87 742
736 936
901 636
648 78
793 355
65 460
99 932
588 792
135 657
943 14
168 98
22 781
117 385
359 452
89 736
849 826
117 50
335 111
616 655
945 495
528 273
787 720
866 875
577 740
304 320
452 856
533 593
225 194
804 760
167 580
295 531
443 228
11 984
728 662
486 186
533 396
914 855
332 532
277 117
483 640
689 93
907 226
163 882
497 556
552 610
186 416
983 1
775 184
111 159
284 629
198 919
276 145
974 296
545 344
691 847
329 134
695 406
593 52
298 984
116 583
834 822
372 745
284 283
266 314
695 519
21 564
460 116
547 532
478 481
553 983
990 572
20 508
437 392
834 984
191 373
123 3
51 478
144 652
751 653
187 814
242 399
830 20
429 677
530 336
948 199
442 848
412 919
282 113
382 750
273 74
187 524
448 464
250 100
925 793
633 669
10 926
136 301
65 940
13 25
767 366
706 594
810 405
204 644
173 467
47 334
435 533
508 806
948 571
805 158
74 255
457 96
261 944
12 985
446 808
364 465
549 184
295 721
837 158
70 263
992 217
221 233
334 440
784 181
349 325
336 556
218 175
466 163
233 180
965 139
567 203
695 54
607 730
349 758
647 179
336 699
542 927
373 268
254 813
156 140
833 918
823 323
85 705
380 899
200 233
221 887
537 174
976 890
119 486
746 284
195 46
159 395
919 945
189 724
160 966
547 722
878 224
589 83
937 754
590 212
977 241
228 61
265 13
506 699
983 447
752 703
270 318
721 244
777 170
946 723
138 916
899 731
755 437
5 68
43 785
834 60
159 975
532 299
716 56
38 20
518 258
540 846
706 98
458 651
165 750
821 851
235 549
633 607
481 730
333 857
585 732
32 204
383 215
644 67
867 154
66 999
965 521
378 949
450 582
70 935
661 988
796 821
395 628
107 174
605 419
588 695
593 783
460 770
253 848
987 879
948 543
716 64
828 117
940 607
819 601
170 891
927 355
250 461
204 812
776 535
763 665
103 152
840 426
253 875
770 45
20 572
572 993
633 245
462 201
597 530
822 377
434 534
244 385
428 56
671 908
68 215
270 815
676 790
551 746
297 935
135 67
251 596
689 69
271 643
206 192
999 526
794 744
101 250
319 183
837 694
607 988
115 434
245 827
410 864
911 448
803 715
841 540
350 682
601 744
157 90
416 348
381 444
172 633
691 923
251 912
630 668
85 281
503 254
530 502
214 119
716 461
95 912
332 454
632 708
541 22
816 64
360 903
916 622
900 171
481 629
925 744
963 589
506 32
252 540
146 145
152 770
717 727
942 708
325 846
911 715
736 747
623 733
772 131
39 956
98 472
170 573
185 151
1000 996
912 262
951 703
476 537
904 746
705 472
801 870
219 741
754 830
740 893
45 865
410 238
49 358
253 926
658 235
264 492
516 430
865 4
685 273
300 817
76 776
559 761
799 174
250 707
898 365
849 409
392 806
428 28
811 613
867 929
546 266
875 602
713 267
803 718
590 963
665 424
487 841
977 398
582 615
114 155
759 585
837 571
972 790
241 356
159 720
96 720
527 986
564 367
178 670
597 935
77 537
753 274
222 872
208 905
318 194
751 872
293 256
389 893
119 18
783 173
363 452
146 98
464 639
518 714
623 70
498 593
27 237
449 179
69 634
505 335
752 308
626 341
330 918
312 162
977 645
597 180
322 466
458 50
22 915
166 667
745 990
355 390
247 620
72 688
749 298
217 425
843 173
939 921
877 390
535 448
698 587
317 975
945 494
230 368
913 840
382 143
738 191
151 328
577 763
460 985
32 667
639 109
508 737
474 945
794 108
723 190
374 930
453 305
625 672
275 945
704 273
906 757
524 4
821 74
132 893
483 643
854 436
452 142
610 655
43 475
560 207
79 425
851 448
503 944
651 736
110 337
556 155
902 427
397 399
963 171
836 443
694 9
417 83
646 940
292 783
380 94
327 705
147 167
594 260
728 744
789 717
509 653
543 594
268 768
270 210
296 687
501 528
507 163
238 817
973 386
242 396
65 141
84 415
377 659
986 831
463 269
554 91
826 676
442 849
244 677
246 511
601 156
402 367
86 455
605 557
770 514
297 236
705 255
248 638
89 338
587 255
18 686
80 891
462 106
312 879
34 280
253 612
606 56
799 967
538 312
171 817
157 520
27 821
675 737
16 34
549 152
2 77
221 119
336 783
779 655
325 457
129 374
524 89
604 303
822 658
89 782
440 908
681 562
296 592
983 901
90 596
598 118
774 416
937 179
393 651
451 157
237 628
148 155
811 941
206 913
655 501
462 319
392 743
110 365
972 632
662 388
69 298
650 500
980 594
362 514
702 544
185 532
428 409
332 253
212 923
647 223
149 779
859 244
860 555
441 851
688 878
825 181
938 124
9 896
319 679
892 235
309 329
436 321
57 908
557 807
230 877
697 348
739 249
503 424
87 681
457 336
592 277
866 236
703 483
541 452
374 447
179 191
120 613
173 421
818 986
503 718
52 550
643 157
936 401
353 225
321 579
890 35
53 956
139 807
801 970
876 266
331 647
980 583
633 11
641 654
292 826
349 311
760 130
858 787
545 917
509 177
793 100
810 970
758 524
228 527
390 490
638 246
827 389
928 556
409 796
806 829
293 838
534 268
673 1000
985 942
399 366
699 828
348 390
54 336
539 944
793 416
229 790
95 606
402 864
574 666
521 494
869 454
930 330
536 237
111 391
350 965
57 37
527 433
105 570
56 18
420 531
43 892
887 151
191 396
412 431
216 344
179 332
878 334
817 934
565 256
919 943
532 447
538 307
939 471
815 200
770 603
753 945
239 922
203 336
387 25
101 901
818 879
1000 598
417 974
877 272
934 857
627 793
956 993
672 296
31 818
11 579
156 616
430 123
171 889
80 978
923 310
512 859
23 919
897 663
236 717
534 236
311 61
645 717
680 144
295 617
956 293
10 491
887 799
728 700
270 921
547 397
434 571
956 404
116 169
617 644
120 172
873 274
353 865
418 7
85 791
631 350
747 406
638 275
366 800
239 18
591 297
439 556
462 375
676 52
642 905
220 701
494 68
150 656
320 807
315 81
124 449
324 643
578 698
953 70
536 90
995 479
6 322
798 830
13 734
324 929
78 656
4 807
119 124
88 720
968 660
401 277
919 565
973 413
856 725
503 370
402 249
765 618
673 274
674 589
269 359
622 879
922 627
649 793
800 155
571 856
294 661
889 365
265 913
320 462
757 814
481 483
634 27
597 917
301 312
66 607
496 672
39 816
249 1000
487 98
804 416
679 864
463 469
567 963
241 921
844 816
296 742
137 806
779 755
324 156
890 68
144 298
163 22
571 373
595 123
763 902
515 346
510 306
385 161
187 253
724 972
447 295
853 800
215 203
129 164
349 513
91 369
79 424
637 494
360 358
452 286
181 376
383 870
920 200
388 550
465 157
693 477
803 309
508 865
528 919
498 95
907 339
108 930
830 850
954 794
443 444
205 164
122 514
254 755
294 154
479 170
778 351
854 418
765 733
17 519
609 817
593 468
61 726
562 797
151 965
668 337
762 692
893 23
626 487
574 31
354 162
856 288
658 188
680 526
592 298
956 843
459 869
558 755
761 485
833 48
264 277
88 121
179 162
802 179
499 897
984 786
283 384
912 304
16 261
787 528
421 306
5 947
322 729
253 611
681 390
439 434
900 672
577 341
140 109
269 847
519 324
100 454
723 236
316 302
466 127
12 55
586 156
918 55
244 56
534 381
28 777
935 912
685 233
854 800
283 893
633 902
381 82
861 296
813 69
462 397
11 87
251 586
505 942
436 744
295 279
56 571
481 8
93 608
997 26
311 306
376 556
313 87
695 327
389 496
82 642
726 443
949 200
627 418
96 554
705 636
557 499
280 417
872 475
39 421
452 671
125 913
226 712
354 501
48 540
692 285
360 798
696 984
569 78
365 19
38 187
170 955
8 506
912 848
74 615
226 810
799 973
583 810
364 988
368 487
725 437
50 335
982 332
127 335
667 484
26 484
856 427
857 918
274 662
615 635
495 809
343 788
542 435
415 442
420 3
576 169
351 533
891 608
334 293
932 783
25 326
903 615
947 419
107 462
209 834
625 525
124 549
667 800
603 942
639 36
642 126
737 36
701 705
23 949
137 894
267 694
390 748
747 143
235 435
300 249
774 498
150 312
504 304
603 588
784 290
54 900
920 354
561 285
409 739
570 494
516 776
299 188
618 620
553 355
425 370
547 914
968 189
755 87
993 606
78 296
741 424
682 228
428 495
211 905
431 952
163 618
208 129
856 813
180 495
982 62
626 875
868 207
479 861
650 203
247 465
689 158
350 970
223 344
192 548
855 775
604 517
878 476
241 41
21 987
578 488
542 343
90 318
181 741
518 748
817 933
948 185
825 434
95 176
960 711
142 127
643 474
917 807
574 166
353 290
523 868
84 182
1 654
38 355
757 841
444 206
482 889
598 427
141 106
438 532
40 67
439 325
79 994
616 662
726 591
88 335
358 402
112 373
666 426
978 648
82 26
541 890
230 293
490 900
231 116
624 272
715 683
438 822
331 674
926 523
824 973
434 681
404 881
427 688
238 946
656 426
713 47
605 73
163 202
789 130
32 146
543 151
637 344
747 504
951 134
384 156
516 861
515 476
825 711
718 58
996 440
416 412
713 410
200 291
702 622
993 634
243 327
741 460
654 782
987 68
644 702
426 188
318 486
739 628
925 55
194 35
468 582
33 231
264 704
806 282
899 644
682 796
796 260
797 253
375 17
14 249
803 852
471 546
296 510
955 881
724 598
644 231
177 666
683 779
427 919
356 625
854 208
303 74
514 791
402 513
249 284
446 582
936 332
865 634
259 34
805 429
544 145
498 470
995 888
754 519
528 645
286 661
992 262
966 43
109 538
757 222
393 834
706 620
121 921
110 936
805 840
41 923
45 835
142 583
852 136
417 676
73 10
606 892
337 397
250 626
608 768
132 1000
6 961
776 672
16 885
200 18
770 386
719 933
775 919
577 948
524 149
375 659
729 881
16 900
441 377
78 70
267 789
746 352
510 493
955 352
59 663
388 551
775 181
445 690
319 380
120 423
967 717
91 102
609 741
816 953
495 743
555 356
849 71
81 477
725 604
851 657
191 144
376 751
712 329
694 809
953 97
954 650
385 669
133 23
544 642
483 305
198 711
894 928
293 337
152 559
463 673
209 450
431 455
437 722
496 178
385 959
406 515
598 23
325 593
456 768
293 435
887 463
134 685
371 503
446 659
599 443
237 278
937 224
701 135
796 189
139 866
835 705
503 631
859 145
723 544
5 545
743 413
799 671
212 27
274 706
942 365
174 987
76 221
305 856
838 450
931 764
10 767
764 245
269 846
112 445
974 941
832 902
887 928
447 535
384 439
365 950
205 545
666 21
371 265
98 595
292 919
12 993
266 822
729 732
641 601
660 474
382 282
475 148
862 512
817 129
106 472
354 846
279 857
525 545
38 764
157 732
479 602
725 798
923 938
195 19
696 524
380 13
556 8
431 532
677 876
937 759
117 895
885 997
801 64
560 556
233 646
290 711
552 782
332 78
226 713
981 855
214 110
863 279
852 740
164 735
960 561
623 375
97 717
505 607
243 891
258 123
748 996
783 231
937 572
492 42
972 284
259 347
334 829
501 276
658 15
143 757
274 260
1000 636
655 334
752 205
571 643
424 56
563 39
657 94
342 718
899 41
156 164
705 330
687 206
67 817
487 777
433 143
277 502
225 45
903 614
879 935
918 97
903 503
304 267
529 838
657 265
325 427
6 855
817 92
249 626
214 748
435 901
366 923
980 562
654 1000
885 437
916 215
572 689
646 840
738 681
535 611
975 692
196 97
417 168
183 449
719 691
104 932
641 249
147 368
522 172
835 63
871 677
603 11
678 603
556 257
57 99
294 336
649 295
579 34
691 924
543 647
378 417
985 767
307 999
768 147
109 463
30 535
60 757
796 289
137 100
373 993
241 854
584 731
956 878
441 734
541 19
985 409
329 605
240 352
518 749
385 999
999 904
795 793
744 703
49 991
354 895
386 814
60 313
356 700
348 475
911 724
148 852
248 440
526 437
620 48
822 796
623 847
303 924
47 259
340 374
273 450
984 978
496 533
874 745
632 251
362 226
666 474
997 524
325 399
932 441
864 479
976 846
153 54
944 359
763 791
888 544
105 157
861 510
188 520
686 251
245 585
284 847
345 847
436 562
938 614
409 766
195 205
513 240
628 965
849 184
464 218
375 940
765 100
107 902
593 179
96 501
309 127
312 205
973 40
457 85
941 522
678 583
988 555
238 62
242 133
760 570
484 858
712 445
312 43
920 682
8 292
63 262
824 70
806 362
266 693
591 796
460 306
942 922
139 923
946 617
726 583
734 728
511 833
489 668
356 626
217 719
17 468
19 386
779 957
424 466
541 281
725 108
908 572
969 570
397 1
904 939
45 527
782 908
494 157
459 601
886 64
174 956
691 82
231 181
503 688
197 485
269 984
164 242
511 133
117 212
897 576
865 180
314 690
724 121
525 120
654 612
876 676
633 193
762 423
309 622
367 280
558 115
872 918
979 922
478 570
491 532
76 702
421 801
140 159
826 418
997 770
268 151
270 746
4 826
215 760
171 291
816 92
764 610
595 505
234 321
162 34
348 473
423 393
246 788
765 8
358 678
566 91
180 642
881 523
918 708
9 318
191 2
308 238
431 121
3 972
902 200
760 743
355 781
262 811
726 268
428 583
105 470
547 651
34 842
787 376
552 787
760 598
123 150
696 830
109 407
151 598
601 967
911 72
317 443
144 543
416 980
201 578
143 355
346 669
900 110
253 226
325 993
363 306
161 735
237 277
169 13
957 252
272 326
654 4
886 998
895 848
127 314
553 407
294 695
501 81
670 786
222 288
566 963
349 157
153 946
343 995
914 499
969 995
831 926
686 217
653 86
642 489
71 577
184 795
995 629
210 999
277 102
447 534
490 119
955 473
101 415
374 909
548 82
931 938
76 851
572 840
171 609
443 260
392 786
871 252
653 393
907 2
121 531
567 116
993 967
703 660
409 694
287 505
413 198
180 759
436 665
958 546
637 97
605 695
238 404
938 877
755 155
773 280
387 779
761 986
744 136
484 899
709 399
837 897
435 679
42 421
617 303
86 58
199 249
381 758
350 895
612 22
460 235
985 142
851 906
446 338
239 811
517 37
226 808
551 529
47 810
375 329
273 987
584 926
605 876
311 737
504 553
451 994
161 556
36 648
348 618
40 843
922 681
316 136
243 920
628 849
256 951
773 766
706 691
620 461
549 71
164 187
745 804
83 461
357 726
598 508
583 360
552 196
88 7
865 446
743 358
372 551
213 707
219 522
463 399
386 529
654 604
749 930
40 278
941 208
358 34
70 502
400 654
239 293
724 919
824 785
860 87
399 597
715 892
808 312
629 798
423 371
844 739
746 90
12 394
309 376
419 408
223 646
388 617
318 750
984 794
409 885
401 738
729 258
437 36
775 252
932 937
829 851
684 186
707 107
805 253
68 663
786 614
713 734
509 611
590 308
347 317
981 761
194 221
958 139
134 441
854 488
655 233
986 926
75 467
974 797
434 430
694 560
734 765
549 221
520 307
578 25
541 131
778 631
670 569
52 880
644 156
772 554
974 163
502 80
529 340
970 302
643 476
778 937
301 458
607 164
460 723
135 569
890 104
193 456
946 134
675 604
273 304
936 112
40 69
131 787
188 197
814 369
373 207
422 335
681 476
610 490
503 973
511 454
758 845
173 57
470 645
966 382
490 79
336 158
516 441
874 233
609 777
361 442
491 555
258 712
244 481
343 495
756 68
686 363
570 384
642 789
738 274
276 11
719 737
779 148
104 882
177 762
416 414
569 712
13 523
730 47
578 518
975 568
544 922
754 978
586 761
626 826
717 81
354 601
869 406
319 949
929 65
655 860
252 495
723 163
293 699
186 973
189 506
616 26
51 457
273 839
166 10
350 823
479 81
635 135
874 949
1000 264
352 823
919 441
367 748
649 141
208 683
678 893
506 64
18 932
535 649
424 467
251 241
540 33
446 580
531 286
571 861
293 255
540 80
248 614
109 839
701 67
351 990
891 701
984 457
306 205
186 166
566 919
199 666
221 510
828 74
408 517
279 258
727 948
265 880
412 481
314 691
261 1000
870 932
566 518
258 394
392 1000
136 882
875 911
72 880
352 192
526 196
286 343
254 171
556 369
375 621
11 44
915 754
383 914
223 841
158 60
238 270
864 841
537 213
116 942
873 45
945 648
964 252
326 751
884 427
449 678
323 157
397 958
744 701
695 493
54 287
495 44
67 262
266 295
581 674
647 885
226 547
479 151
940 427
718 198
747 947
90 466
809 608
332 443
596 856
762 576
337 523
564 254
117 351
240 346
761 648
664 884
320 450
907 784
2 615
35 889
752 453
787 198
114 718
647 978
652 760
978 982
731 613
493 682
331 339
630 277
818 675
468 24
342 561
550 106
878 615
645 334
155 222
1000 913
631 746
822 879
782 792
589 966
718 666
774 856
791 90
885 107
106 770
748 469
508 658
415 422
295 716
88 21
776 608
26 67
887 930
462 691
803 270
733 472
662 92
644 575
59 9
188 979
774 152
103 192
729 689
35 96
572 841
443 263
279 629
794 971
839 889
789 184
646 723
793 61
831 605
525 970
712 939
931 139
932 720
220 322
256 176
868 726
462 259
845 82
343 4
65 688
599 823
821 361
774 81
7 834
356 96
963 24
67 239
158 314
890 703
205 142
265 48
431 647
747 782
860 551
432 593
564 291
855 892
267 767
90 149
721 376
388 89
389 800
502 939
469 18
198 432
329 679
956 516
373 694
230 865
433 705
252 757
679 272
593 727
799 449
468 973
418 441
919 342
80 573
248 414
150 10
114 807
26 133
377 239
140 189
723 796
207 119
173 323
50 142
68 391
783 714
632 947
754 31
735 717
832 996
893 466
905 888
675 366
123 829
343 740
259 529
590 607
274 857
608 756
84 704
277 71
256 435
7 482
483 735
534 256
941 258
157 307
195 96
916 64
21 292
151 278
688 47
251 841
949 184
801 233
328 686
310 962
461 366
869 113
251 806
364 639
592 794
320 765
707 507
468 557
730 952
587 529
290 745
203 776
445 843
318 43
51 492
935 162
587 750
385 884
863 410
246 392
564 37
132 976
469 903
857 70
324 315
860 838
277 709
169 68
292 896
874 643
949 732
576 793
633 856
417 947
74 90
610 120
610 970
403 852
191 989
246 429
714 10
239 757
828 22
900 635
727 768
59 192
758 834
762 753
927 897
642 65
599 556
261 661
878 294
714 383
491 554
258 713
831 516
193 932
806 962
805 661
333 148
480 712
205 61
48 12
301 950
272 561
486 498
881 924
443 389
243 219
996 443
70 821
750 654
518 240
441 60
3 837
542 250
444 945
450 178
696 710
470 177
642 564
48 761
113 805
369 435
612 457
985 729
893 480
713 842
806 281
274 134
20 486
207 804
192 515
503 217
610 617
169 885
259 493
808 392
458 349
5 296
489 704
776 9
597 191
308 656
17 91
113 498
95 294
936 723
947 81
363 118
257 517
866 3
939 725
814 291
970 155
397 225
861 796
109 535
148 729
738 201
593 842
44 602
335 117
707 779
340 285
32 582
514 342
399 968
900 607
230 574
260 702
979 190
780 437
947 412
16 74
54 694
366 644
461 656
796 655
987 584
254 89
537 265
3 485
906 766
245 698
326 109
529 925
879 9
187 241
704 389
319 276
301 777
430 599
380 774
91 349
182 52
275 658
348 292
364 522
595 861
711 935
196 240
662 509
974 387
870 368
618 489
655 620
142 593
556 39
228 176
198 792
146 767
608 318
717 116
367 847
981 719
950 730
609 964
951 747
161 331
345 150
494 373
806 261
610 666
630 729
445 883
393 264
144 642
270 70
825 269
535 974
441 532
643 903
336 892
446 263
86 254
543 62
895 973
133 85
71 255
91 709
810 381
212 439
801 598
507 629
826 899
754 817
838 438
107 184
198 17
199 744
754 609
28 496
595 332
801 973
28 615
858 998
451 580
936 216
197 249
790 6
258 367
297 659
317 688
272 351
645 914
171 611
7 505
580 461
319 804
291 346
888 126
138 459
394 81
361 2
681 983
774 308
480 752
483 563
746 247
965 407
822 32
789 921
314 379
542 163
215 969
293 911
699 900
224 612
43 216
794 944
267 528
345 464
813 424
923 86
42 272
43 105
891 365
748 690
180 390
240 409
347 415
39 509
759 338
885 915
856 627
195 707
88 693
716 423
679 45
891 19
514 952
690 879
327 87
403 383
578 51
83 915
299 574
564 66
892 343
341 471
532 416
290 791
847 989
192 873
412 358
711 130
238 560
459 773
943 910
781 336
472 440
456 541
350 441
577 491
705 222
943 204
212 58
107 164
606 142
810 627
749 780
98 417
946 516
154 511
302 47
79 955
541 658
857 549
608 749
918 100
900 535
922 107
872 818
870 877
562 50
322 987
881 217
970 863
560 991
656 66
197 878
901 918
310 391
595 55
157 528
694 313
927 251
37 838
760 101
941 496
336 167
250 907
72 103
203 719
96 381
663 615
797 721
746 235
819 861
396 954
354 704
707 220
121 783
287 544
186 725
115 65
622 280
713 732
329 919
481 828
257 496
660 940
593 391
481 941
307 793
414 607
63 380
345 439
142 69
869 564
708 758
251 661
568 33
160 741
667 343
891 949
736 882
517 313
706 354
467 298
975 668
240 976
339 996
710 181
839 851
878 911
26 230
11 582
467 8
61 145
538 381
887 66
939 918
157 801
598 649
314 780
187 502
172 354
580 615
926 527
411 334
124 939
530 866
244 124
28 845
747 367
309 696
201 263
25 241
634 567
581 699
340 958
5 607
93 642
258 633
371 992
297 901
7 86
194 635
929 500
953 510
534 301
703 686
483 587
375 937
958 906
841 593
54 134
591 421
78 264
465 197
428 463
251 852
567 348
272 867
756 695
851 761
263 543
216 620
604 967
81 597
751 912
699 57
995 450
928 281
894 904
330 559
494 282
289 450
881 424
839 917
238 799
853 194
29 256
363 803
630 770
990 869
611 400
709 348
958 278
84 359
450 537
184 437
961 131
602 663
877 495
145 446
2 321
19 613
719 508
888 568
615 703
102 417
250 412
32 583
468 558
642 256
400 923
454 354
37 474
168 135
334 308
32 668
727 807
533 602
183 977
455 844
731 578
158 753
675 297
162 748
325 352
257 192
556 476
774 559
289 727
953 568
681 617
793 39
222 651
427 320
162 462
381 58
510 390
846 476
704 565
101 171
158 34
73 586
20 71
281 405
927 778
471 414
275 371
828 861
27 476
47 735
928 583
741 125
707 37
357 356
195 345
968 983
113 960
935 13
665 601
650 143
816 667
251 94
786 831
808 795
293 349
469 981
484 941
778 299
787 70
342 250
18 228
274 122
96 976
872 847
839 471
75 106
922 545
541 329
527 138
52 810
843 97
576 932
522 566
179 169
731 654
558 615
795 115
136 724
710 354
850 161
168 69
675 435
689 549
597 948
430 69
639 297
35 439
936 74
793 711
373 133
952 246
656 185
538 181
900 572
463 436
715 631
202 654
889 840
282 358
871 104
747 166
840 260
968 345
590 752
718 293
663 380
528 161
413 929
140 735
931 60
861 291
132 863
370 510
813 64
410 629
842 592
720 584
77 197
205 400
851 482
33 359
641 96
381 335
935 322
3 783
958 545
618 458
341 545
893 212
324 689
733 523
368 961
864 966
829 844
646 898
318 527
712 282
73 832
100 111
797 415
565 995
731 391
125 940
950 679
539 712
856 628
57 805
699 722
318 156
251 235
584 198
324 885
610 558
540 837
498 512
743 846
191 487
428 987
967 134
1 923
540 457
683 731
244 647
49 951
66 847
620 298
692 175
910 226
109 811
311 531
477 775
4 169
356 644
843 154
992 688
331 462
959 704
756 310
231 361
253 657
404 661
350 329
804 406
24 992
334 765
540 440
796 978
620 238
864 344
554 524
684 595
921 263
562 51
664 735
629 249
49 93
432 419
250 694
180 769
895 282
628 391
441 475
684 369
296 562
280 855
210 232
750 918
254 225
647 140
888 155
63 965
517 672
383 852
132 706
3 730
423 509
281 476
985 944
177 723
987 206
626 898
256 238
940 803
647 434
299 192
872 286
466 563
251 843
397 883
197 673
494 29
538 623
560 491
320 832
285 30
307 634
18 507
589 112
332 31
232 20
859 214
950 643
995 721
68 698
393 246
18 157
865 774
863 375
699 766
705 893
118 298
825 324
899 589
721 491
243 859
246 398
714 628
550 214
610 933
302 774
645 226
869 900
585 737
303 34
964 936
502 609
792 729
351 854
27 36
100 726
962 755
356 696
337 847
476 421
278 215
830 896
745 884
961 855
264 417
891 658
658 785
491 224
795 326
350 293
266 694
359 41
179 959
109 706
115 573
995 545
999 25
12 101
468 423
605 162
902 869
435 598
883 512
353 993
141 577
258 340
520 575
787 448
447 696
585 31
569 898
306 616
291 388
689 41
393 628
33 717
573 663
333 146
6 248
229 449
546 261
894 461
953 509
651 391
745 99
501 564
677 974
556 61
149 369
43 146
550 540
379 282
660 99
719 512
831 218
856 782
877 648
91 831
39 329
521 268
894 905
255 901
133 132
534 878
939 250
336 21
907 920
19 168
494 394
361 319
47 894
393 355
87 521
289 434
753 117
769 968
331 219
714 616
554 241
849 613
683 927
834 815
460 524
647 888
282 988
818 698
800 145
79 687
923 93
616 473
174 849
912 458
342 667
295 967
956 899
266 731
122 497
469 524
255 63
655 437
633 353
922 910
444 350
961 940
211 189
528 265
785 382
520 676
131 796
79 114
482 632
525 116
374 769
487 489
35 248
44 378
305 98
241 876
11 976
276 468
281 378
67 329
735 767
896 297
404 112
479 732
82 374
674 338
858 503
508 188
702 700
31 426
662 359
820 559
432 984
162 145
660 144
241 424
635 632
800 531
894 715
570 133
582 501
539 894
688 376
63 64
998 613
402 364
159 701
42 461
782 385
143 765
949 400
915 32
463 684
964 691
587 680
968 694
181 695
493 901
886 996
557 828
240 172
582 547
668 222
27 92
877 176
505 839
61 35
691 404
812 71
450 634
933 127
58 795
437 864
494 883
5 556
245 183
49 628
707 811
50 391
123 583
107 186
967 336
329 196
112 212
184 705
631 117
963 181
860 382
66 701
896 858
895 178
36 965
791 87
116 299
779 567
672 709
322 834
733 420
760 510
408 403
107 361
407 588
980 850
785 388
288 956
509 166
811 644
46 359
305 287
199 748
970 539
702 894
45 213
798 301
384 89
827 495
840 114
80 892
132 638
318 321
64 864
508 55
312 282
846 219
822 155
189 748
263 485
924 609
873 159
565 139
345 470
128 380
592 817
425 430
268 427
617 130
639 965
530 635
59 499
26 810
190 121
851 801
85 269
930 400
750 17
94 469
819 516
801 165
565 132
398 21
422 175
382 675
623 573
221 639
431 196
514 728
397 500
456 944
563 189
250 128
102 550
804 689
578 717
661 996
676 459
809 174
793 561
351 531
817 631
912 161
26 51
444 262
693 953
456 332
442 291
6 608
582 183
253 867
98 739
435 746
314 985
831 668
244 26
180 770
421 575
48 148
529 603
289 670
628 55
385 227
360 277
417 577
872 65
661 31
241 534
315 735
337 123
926 493
231 611
603 953
614 429
384 980
794 611
688 34
651 950
177 865
485 276
234 532
366 105
78 349
526 689
871 672
712 311
588 474
327 646
962 163
425 437
622 137
720 113
803 856
706 188
924 875
906 298
304 253
481 519
624 541
435 722
697 423
165 345
522 794
27 360
368 325
617 408
247 205
985 412
859 503
53 436
381 775
467 596
557 772
321 996
606 447
28 229
768 513
126 704
903 392
330 973
208 650
193 339
253 707
113 420
520 228
690 466
64 32
601 511
17 158
329 156
112 284
739 329
960 106
83 493
176 569
800 451
673 351
904 171
435 835
921 369
685 504
904 609
600 176
31 794
804 26
1 467
162 814
165 576
349 483
206 276
48 865
602 392
332 666
997 797
887 788
671 987
958 438
340 585
197 832
839 657
149 45
975 369
393 635
139 75
61 970
798 357
141 778
368 812
135 300
263 379
661 164
730 267
247 365
959 540
574 558
849 93
759 758
371 689
47 682
285 225
825 20
493 126
403 106
812 758
171 134
389 67
947 617
700 887
332 403
228 332
503 218
658 287
769 606
240 306
166 14
886 921
388 28
728 487
905 397
531 68
18 17
865 658
296 371
777 452
27 229
9 850
891 994
514 899
843 71
806 73
75 209
904 961
333 793
743 742
672 109
891 851
827 291
624 886
911 646
689 483
751 68
499 938
939 697
401 768
736 655
969 483
628 917
349 180
903 647
226 161
10 882
146 425
344 812
400 14
933 444
974 552
835 918
253 969
804 431
897 603
957 663
151 320
607 961
834 492
275 840
245 278
50 580
784 66
414 285
16 220
714 271
442 74
374 981
905 545
470 532
971 977
435 851
756 53
663 715
102 995
36 501
510 388
405 792
229 484
175 898
879 414
493 431
544 843
963 147
220 664
617 20
744 555
512 408
342 431
186 734
42 315
481 777
613 32
691 938
806 425
94 748
761 946
467 827
782 390
860 718
133 162
863 334
207 682
557 595
17 282
880 270
679 360
661 749
756 710
566 592
118 130
226 601
178 879
952 890
290 865
701 129
26 395
602 937
706 581
847 536
259 3
947 174
913 2
488 682
286 525
139 582
748 66
607 265
206 434
558 839
83 421
214 905
456 337
753 557
257 768
904 569
895 403
680 192
794 72
852 326
980 371
694 417
988 134
3 450
442 110
794 507
851 134
525 377
598 913
755 802
756 9
78 53
650 666
667 744
143 120
319 309
481 928
710 718
896 310
111 951
929 997
777 533
353 635
584 233
303 347
99 404
707 114
599 928
158 318
252 77
713 549
272 941
834 787
981 736
764 208
748 685
621 697
233 648
401 436
76 242
60 751
208 954
190 126
230 241
659 213
199 244
661 559
301 65
839 292
217 45
74 622
844 126
902 602
652 777
433 709
360 547
325 575
622 959
970 420
476 701
131 266
28 130
305 515
412 353
490 513
74 320
30 624
703 491
136 355
778 958
908 961
965 752
584 865
415 129
57 743
869 832
943 201
670 883
288 541
967 311
805 40
398 598
762 151
690 152
179 933
73 234
645 576
390 561
124 787
68 227
352 430
850 357
889 249
749 925
586 864
755 736
165 572
742 302
308 260
710 776
152 963
486 363
362 829
400 530
298 581
78 60
509 939
534 421
262 59
742 103
466 926
654 925
208 233
261 369
622 428
309 101
366 110
494 35
445 613
102 612
949 53
878 133
919 861
732 463
650 242
156 813
981 644
927 738
330 566
190 26
156 158
892 144
659 241
682 178
938 88
632 717
463 615
377 485
764 474
322 293
195 561
750 157
78 246
866 422
815 355
472 121
951 867
938 890
502 85
892 485
62 208
658 109
992 751
165 11
748 137
120 538
943 124
891 807
732 737
719 485
877 409
572 201
278 68
193 273
82 264
984 353
805 861
917 627
957 370
944 575
157 830
819 337
13 314
953 839
261 768
135 731
619 12
396 277
254 33
42 881
495 825
903 358
962 830
488 937
487 677
400 751
131 593
560 845
680 438
534 433
383 997
901 978
133 632
164 481
519 172
546 259
51 995
656 335
347 28
214 323
209 19
7 224
873 52
837 657
513 123
971 739
474 393
811 890
586 766
977 22
484 27
105 339
198 816
608 278
959 19
63 46
20 248
564 449
102 512
404 693
453 294
77 894
6 314
264 805
491 187
69 958
379 122
731 449
437 342
173 912
669 11
817 936
730 11
906 249
824 76
62 204
999 661
156 17
916 523
886 777
248 653
563 470
446 766
194 335
142 655
655 494
532 603
401 47
293 105
96 568
832 501
570 842
499 699
607 118
863 152
153 559
830 979
709 546
875 326
602 658
861 999
934 893
961 817
74 122
993 890
809 229
671 523
909 130
589 942
680 86
398 697
438 890
116 320
830 668
504 8
603 894
605 132
286 576
447 585
174 275
819 730
694 474
681 733
77 508
794 484
123 100
372 136
324 43
862 559
964 547
903 219
797 628
845 325
286 235
732 47
769 211
970 628
609 284
498 373
723 276
370 187
685 816
94 504
120 430
432 986
270 526
453 892
258 890
281 523
484 6
512 409
751 64
474 28
113 884
939 58
8 744
685 722
337 876
998 539
956 258
398 396
381 748
888 440
665 975
260 405
498 904
925 389
194 433
583 681
360 953
518 284
302 603
363 411
952 140
293 444
633 585
619 618
670 634
696 145
878 761
695 989
32 809
30 868
697 553
627 808
888 1000
924 272
966 640
473 570
604 643
939 821
444 141
359 482
11 117
438 983
573 168
991 745
905 758
89 9
879 904
804 150
850 382
297 518
982 855
487 271
236 962
771 810
832 740
426 793
813 411
905 976
763 868
729 692
288 958
788 559
111 720
573 507
206 252
262 306
655 718
799 105
225 454
962 665
524 176
764 557
945 973
769 63
328 985
77 194
613 272
49 225
489 362
983 866
681 868
179 991
427 44
845 78
868 817
669 288
375 771
285 55
33 70
462 268
915 864
897 445
76 156
668 632
850 631
264 878
356 252
273 736
574 886
481 901
834 899
502 829
618 634
713 774
933 989
327 450
76 66
479 7
869 651
105 726
1 621
18 199
848 890
138 764
52 922
91 692
700 542
114 751
598 165
875 480
782 44
127 375
368 110
942 694
448 54
156 895
765 829
45 533
615 627
532 881
165 840
410 728
286 724
69 236
364 240
628 637
241 711
373 358
28 583
214 938
875 44
235 939
611 177
614 395
617 629
745 584
358 85
987 519
609 9
974 771
421 897
158 716
231 814
414 346
22 271
449 760
63 625
135 36
618 248
836 183
837 410
305 313
491 722
872 611
637 317
341 736
31 356
513 237
637 430
633 791
968 165
966 976
551 962
20 122
936 643
591 461
409 517
67 33
12 742
768 76
495 329
669 260
707 81
375 231
985 599
217 765
290 371
730 801
479 837
7 562
673 178
200 636
94 548
864 707
21 626
632 607
869 350
892 145
967 833
675 573
773 24
631 244
284 123
216 289
159 917
593 677
96 923
795 865
891 984
121 927
326 373
476 642
647 785
763 130
801 417
911 684
948 724
539 277
406 300
465 800
178 135
413 750
456 573
679 529
849 954
22 892
294 753
558 930
221 22
306 35
142 389
145 359
2 232
121 32
191 984
37 290
921 375
978 640
26 21
124 816
399 864
269 869
946 831
6 578
561 313
796 727
659 773
71 805
111 776
296 529
996 578
68 61
90 533
271 632
715 798
737 314
667 723
968 114
237 563
812 67
851 415
674 444
129 881
630 933
77 27
711 732
142 745
860 454
972 776
114 224
242 45
851 765
158 375
270 333
57 128
220 980
794 871
47 549
463 293
688 445
307 889
353 845
204 215
557 725
72 952
707 276
117 707
725 388
726 935
273 91
881 142
243 650
354 6
155 91
339 678
862 182
682 344
991 470
903 880
316 78
359 360
214 675
95 434
340 602
795 24
317 852
835 779
1 531
974 180
386 47
973 937
939 857
780 291
672 700
987 673
670 869
770 201
607 420
75 543
757 87
712 584
254 499
363 404
737 11
121 286
126 9
590 664
577 945
224 17
256 670
859 649
49 866
885 469
49 235
416 65
642 832
127 566
720 608
594 73
746 156
563 601
438 342
775 173
651 99
785 985
110 206
579 453
394 363
309 92
848 482
385 612
47 584
484 918
255 275
656 985
626 171
151 766
111 949
940 417
137 84
673 122
694 720
221 886
720 59
259 585
406 936
136 156
707 327
857 374
160 730
576 666
152 846
578 40
302 600
290 780
165 224
207 549
706 388
429 555
450 710
951 938
643 397
204 985
298 402
621 168
521 759
297 218
170 616
545 620
568 315
36 881
862 61
762 113
13 415
415 287
733 304
537 605
679 686
22 151
258 976
943 789
103 24
418 212
895 12
509 321
553 203
274 988
280 673
505 746
509 306
146 551
993 141
222 585
214 873
608 804
970 695
277 45
225 340
98 986
871 245
712 834
965 368
181 385
236 812
423 324
10 315
484 374
945 972
637 25
712 977
56 597
880 743
78 170
225 566
157 297
656 648
347 71
59 715
299 216
618 310
177 516
369 284
594 335
479 979
744 352
262 895
835 75
391 537
105 298
582 820
849 271
238 14
280 426
119 281
358 935
87 383
64 964
21 605
8 276
25 666
856 632
268 990
941 329
200 720
521 465
388 71
212 643
964 658
429 995
330 754
94 363
496 214
688 334
411 927
588 117
493 759
935 577
140 454
344 89
734 298
369 954
316 135
282 787
627 775
921 367
724 363
675 937
767 311
74 32
681 88
460 821
562 461
600 40
248 149
224 268
280 526
558 865
528 340
268 872
1 500
241 975
828 511
576 64
990 286
984 677
111 646
235 369
480 452
7 331
250 690
859 576
913 552
515 268
477 489
443 313
444 726
263 114
780 856
345 891
950 168
938 176
922 441
279 772
770 121
271 660
510 450
814 762
67 403
567 454
862 774
594 416
578 573
645 791
851 627
101 112
894 695
129 901
276 860
704 799
47 659
232 112
695 467
73 864
661 367
935 64
169 609
155 562
483 129
983 340
96 702
170 93
545 127
13 513
910 305
587 740
971 261
754 143
241 32
740 462
561 757
670 401
105 689
233 286
203 108
169 172
276 656
281 234
299 529
999 704
411 123
821 956
915 315
75 54
832 491
121 491
709 955
446 595
416 642
753 943
994 435
324 200
914 272
681 43
991 258
234 976
666 224
52 524
199 687
828 189
231 881
997 708
429 166
395 794
982 946
966 87
884 708
942 28
28 676
909 237
508 720
187 393
757 483
225 178
686 33
407 512
447 599
819 704
489 229
577 709
883 437
168 462
67 358
429 473
987 403
589 635
186 190
776 796
724 946
284 839
858 620
451 206
548 224
896 321
546 508
220 401
516 838
314 218
261 433
978 197
121 716
910 806
413 790
94 965
457 754
300 360
928 705
58 111
674 445
551 993
339 749
811 892
176 309
68 867
916 465
854 301
980 984
802 456
57 135
258 598
726 363
674 782
165 489
916 311
494 287
208 900
962 53
87 404
787 66
271 221
644 345
277 912
204 961
423 950
887 77
467 638
319 737
324 841
200 887
576 558
353 631
354 148
799 908
319 630
715 181
386 667
907 386
23 338
563 329
359 282
734 492
325 902
461 51
889 379
515 891
737 703
328 851
514 417
559 467
466 510
670 984
840 527
801 799
839 963
753 518
922 61
524 985
562 100
50 848
804 57
736 351
610 376
222 594
153 105
942 171
546 720
858 814
361 270
197 144
399 756
635 284
171 637
615 126
802 953
175 681
794 637
718 381
438 552
258 679
744 288
672 889
259 797
439 917
297 996
284 986
177 654
128 118
268 612
61 271
214 270
783 541
592 698
169 671
314 464
997 125
