811 1167
372 282
184 232
325 170
62 773
810 778
417 301
159 8
247 360
673 420
290 426
514 220
393 80
162 246
409 78
71 799
293 411
230 263
68 607
645 317
48 172
308 285
270 2
87 176
203 107
631 556
462 519
293 781
80 631
140 165
176 320
638 365
122 96
288 197
755 213
178 82
214 158
48 387
294 499
493 33
190 737
275 502
43 278
526 134
575 155
321 508
708 12
62 517
206 430
578 88
565 780
657 745
767 682
697 736
571 224
671 166
441 267
681 532
241 636
434 571
189 460
506 466
325 78
750 186
682 436
698 561
303 47
306 584
769 87
143 293
573 349
200 68
767 38
694 730
256 568
758 586
229 235
231 646
195 203
401 532
65 113
302 731
301 274
565 616
528 175
29 89
529 634
152 22
334 329
738 411
42 157
478 333
454 531
10 392
611 35
715 574
595 149
144 233
28 758
281 236
494 518
724 765
292 186
348 673
598 136
579 208
274 541
304 280
236 201
679 518
283 381
664 489
711 771
447 773
380 478
789 374
529 702
627 411
738 170
667 295
654 264
156 110
223 151
304 783
781 631
348 780
108 704
800 707
30 512
84 109
133 425
442 206
566 215
174 112
753 508
327 673
21 790
25 37
38 97
626 668
187 739
162 223
458 462
763 237
726 166
517 86
227 730
772 544
457 230
569 638
778 514
489 122
653 278
68 222
603 116
24 273
21 573
661 104
106 748
786 269
179 197
338 324
514 623
180 82
704 246
672 539
706 230
388 8
39 391
323 576
247 425
515 425
212 528
469 401
795 354
28 238
118 433
464 762
103 468
217 458
554 69
12 193
138 337
290 272
500 130
363 413
679 305
650 172
269 134
317 7
631 79
156 474
549 439
701 509
486 563
271 59
210 429
627 763
93 658
105 129
195 598
307 765
198 427
474 86
758 463
152 355
625 20
473 807
761 187
283 286
171 149
566 161
668 300
782 471
372 462
638 620
581 163
61 262
263 244
641 771
341 400
139 11
625 284
515 205
510 628
372 63
520 725
211 507
178 634
604 266
351 315
99 722
470 498
400 149
495 103
342 752
93 25
183 432
640 573
308 110
500 405
435 371
51 690
673 694
730 179
86 634
519 280
540 143
26 553
209 194
797 449
502 487
18 60
700 493
223 446
575 399
396 425
804 62
187 413
397 172
36 265
630 733
742 358
412 349
301 100
354 222
259 331
645 211
426 530
664 710
477 300
178 625
315 543
344 285
219 514
548 624
754 11
759 806
100 757
593 399
237 255
204 161
112 319
703 201
602 672
612 175
787 27
113 518
760 260
316 245
285 300
21 240
490 73
334 692
551 589
656 440
730 211
283 604
42 767
575 573
721 614
571 478
733 744
690 224
777 418
702 246
618 111
356 730
68 503
717 208
244 11
25 341
514 517
544 56
753 290
364 431
522 158
206 446
153 357
498 443
193 561
53 40
208 214
567 78
775 575
224 233
151 320
592 755
446 807
399 250
287 225
701 742
126 192
149 187
595 580
343 150
622 573
72 618
511 250
811 515
664 1
142 792
14 605
146 412
298 544
344 673
451 647
683 530
711 205
313 508
413 347
352 41
68 359
352 532
583 364
677 674
731 722
515 513
451 532
154 700
659 171
602 95
15 765
561 89
655 82
265 63
446 127
370 30
220 473
20 174
237 171
56 240
688 79
800 500
377 415
84 339
248 538
507 528
61 398
153 109
192 356
75 88
554 114
84 14
122 357
368 267
261 127
346 724
640 628
490 355
354 235
810 172
323 254
37 93
609 370
380 705
683 213
432 761
434 136
622 424
183 519
586 596
513 280
230 74
626 643
782 613
480 500
26 343
489 227
600 294
620 19
53 707
11 87
797 2
215 239
786 105
485 155
125 171
222 103
45 604
484 573
233 297
500 759
682 637
241 188
76 722
478 483
57 581
480 173
574 337
432 220
472 526
391 798
298 446
299 559
256 35
339 65
778 444
531 547
12 113
772 553
459 286
80 477
227 449
466 452
304 439
304 130
412 398
577 531
178 627
807 458
406 203
526 575
442 301
581 343
284 377
379 630
679 372
209 168
358 807
280 615
517 464
694 538
282 325
597 787
124 189
223 86
471 658
190 208
373 208
662 107
300 444
111 756
343 487
329 455
254 731
807 163
767 614
679 15
293 336
210 290
625 298
745 213
670 233
460 652
551 476
132 91
333 443
802 576
301 669
136 391
264 348
406 316
218 77
295 72
342 64
775 194
108 547
179 319
170 200
798 570
695 272
95 673
27 504
284 496
129 303
741 686
809 208
75 795
198 77
82 338
303 676
766 635
635 252
558 377
108 353
329 26
201 254
448 468
152 529
483 394
576 376
628 673
429 57
572 331
555 439
302 65
451 649
556 721
178 765
243 215
791 649
689 590
34 433
49 178
417 771
419 598
653 625
145 64
320 472
221 757
425 572
654 294
69 270
545 485
420 120
382 563
521 359
311 216
367 47
755 757
661 348
308 77
82 333
221 509
561 412
403 701
144 798
2 733
241 728
397 423
488 146
589 8
479 725
722 619
273 115
750 101
567 611
327 492
410 659
362 518
439 72
143 600
779 800
533 292
280 301
382 592
12 555
770 638
603 41
684 245
405 57
193 664
57 627
550 711
612 515
392 737
340 610
722 48
528 52
659 249
434 250
518 697
544 240
589 425
388 629
126 420
283 770
661 732
534 448
266 105
571 416
588 578
452 499
595 656
404 337
711 198
370 348
605 266
684 806
539 45
384 145
741 38
186 606
247 730
603 732
579 731
790 661
380 280
377 298
423 181
768 501
711 687
509 712
330 520
604 797
286 617
681 104
439 254
792 143
175 381
219 677
748 458
301 539
33 597
361 416
206 592
487 531
607 292
331 617
189 533
673 388
224 204
18 431
517 467
429 359
355 485
774 806
11 436
224 428
480 348
25 369
288 513
111 728
733 211
7 652
395 28
461 236
238 742
573 342
468 266
464 213
545 463
144 441
350 153
516 112
724 59
337 617
285 214
674 198
74 107
333 493
750 421
260 207
658 514
503 328
758 421
653 277
731 88
347 305
506 242
39 605
397 309
540 499
363 386
479 587
768 219
222 282
774 40
772 755
780 608
656 73
414 759
23 712
431 575
643 299
176 802
300 413
416 229
235 347
119 353
598 75
345 597
246 586
158 518
677 223
705 235
143 727
429 753
630 415
559 574
420 241
136 202
491 182
46 443
508 354
783 217
587 667
304 175
79 755
420 223
491 377
389 130
711 108
699 22
348 184
257 2
571 122
726 100
803 6
499 729
79 387
109 228
246 422
263 647
48 642
97 338
769 231
599 559
229 768
23 251
702 228
87 166
761 355
796 377
797 799
604 581
682 702
153 798
406 248
402 784
470 12
463 789
207 703
660 256
413 150
319 443
613 116
570 11
48 692
251 777
725 204
774 421
353 415
749 310
730 142
791 522
762 375
165 82
152 635
730 758
442 60
741 115
472 132
501 581
446 172
402 255
42 768
500 768
104 653
354 132
134 133
494 414
150 596
552 376
696 231
683 359
8 722
764 444
357 340
780 275
293 339
226 503
773 217
468 295
50 38
524 542
168 391
237 339
607 340
393 261
359 152
460 264
794 521
48 306
599 744
472 195
763 247
404 342
229 361
810 199
554 365
731 229
464 524
328 394
467 408
805 345
249 801
364 683
234 384
313 291
355 196
703 42
278 664
474 795
601 303
691 701
224 206
118 785
615 791
282 577
50 517
7 350
497 286
339 638
279 684
383 131
452 500
665 406
203 518
362 116
334 139
709 543
391 672
186 413
483 129
763 702
613 217
675 571
786 668
377 207
12 299
54 23
455 86
713 55
14 523
560 720
60 747
204 444
5 258
522 557
811 476
566 368
406 24
323 757
697 698
441 142
60 270
380 216
284 409
535 223
802 346
761 505
107 164
614 456
511 402
109 590
391 347
264 512
88 101
87 290
316 488
656 97
164 85
35 124
441 225
348 672
684 220
662 799
773 668
73 108
810 514
436 755
798 108
93 572
390 391
359 769
663 348
765 602
310 81
92 271
672 16
59 118
259 133
66 625
223 673
405 377
50 524
371 230
153 95
535 669
67 52
287 299
17 799
92 751
737 363
609 102
402 156
115 237
88 417
528 590
53 515
364 169
665 394
747 351
754 478
355 556
97 300
469 283
778 685
326 609
456 570
548 173
652 12
678 569
110 79
609 457
668 347
682 91
334 745
696 448
710 143
204 207
107 102
29 59
187 768
710 713
496 168
379 48
739 365
288 323
281 691
460 153
584 291
687 479
434 208
572 783
197 543
323 403
226 376
704 67
380 264
795 316
517 479
650 511
245 94
279 542
225 374
95 690
267 510
81 189
620 76
463 448
502 752
215 282
585 810
285 705
229 527
705 604
309 251
616 325
103 55
346 164
546 711
208 774
295 739
223 477
479 66
686 318
585 739
600 198
775 102
506 275
412 25
183 273
184 67
571 684
232 221
779 571
810 673
589 191
464 716
527 716
151 478
481 783
103 672
670 64
280 7
342 580
399 656
215 206
727 244
525 551
298 123
367 114
22 486
679 188
81 45
712 603
619 173
95 737
761 793
645 455
201 782
169 642
476 700
188 585
733 604
312 590
582 45
150 231
546 492
22 733
254 659
278 270
253 709
312 127
560 587
16 344
301 256
61 222
421 706
329 488
391 24
144 482
229 756
30 417
254 607
684 170
519 237
143 417
328 238
451 194
735 808
451 502
506 186
758 91
156 650
626 14
195 405
181 702
75 407
345 288
402 365
365 296
659 141
451 391
735 85
538 557
565 216
208 332
478 539
715 199
669 60
589 671
377 100
213 551
528 249
415 691
270 153
572 272
507 467
629 222
506 104
75 122
42 782
730 36
85 619
386 165
354 36
313 112
680 88
786 109
24 94
553 386
602 387
370 164
662 592
82 493
515 616
389 688
9 592
404 44
293 307
567 737
304 473
421 444
152 554
63 682
3 453
514 253
340 76
217 267
113 604
215 593
767 233
729 6
700 239
74 450
30 721
137 332
581 629
428 346
237 394
17 593
496 12
427 455
743 781
453 362
395 75
301 607
109 289
109 548
455 568
13 461
751 609
490 120
599 615
472 653
223 569
482 527
470 636
640 579
103 125
281 630
751 591
591 171
726 138
313 234
372 698
450 220
659 241
373 722
64 339
409 595
226 811
639 337
785 66
704 454
165 628
85 773
460 155
54 508
80 307
98 282
679 201
10 444
658 234
